(38.00362 98.04427 261.1593)(15.97848 68.52171 177.7874)(38.00364 221.4278 261.1593)(15.97849 249.7649 177.7874)
(38.00362 98.04427 261.1593)(15.97848 68.52171 177.7874)(38.00364 221.4278 261.1593)(15.97849 249.7649 177.7874)
(38.75778 98.3731 262.5305)(15.6456 69.04866 178.8062)(38.75779 221.1122 262.5305)(15.64562 249.2591 178.8062)
(39.51882 98.69923 263.9048)(15.34026 69.57321 179.8321)(39.51884 220.7991 263.9048)(15.34029 248.7556 179.8321)
(53.07808 103.7494 287.1844)(13.92315 77.92934 197.9215)(53.0781 215.9517 287.1844)(13.92316 240.735 197.9215)
(55.01934 104.3793 290.3792)(14.20775 78.99986 200.5054)(55.01937 215.3471 290.3792)(14.20776 239.7075 200.5054)
(56.03288 104.7007 292.037)(14.39466 79.5483 201.8555)(56.03289 215.0386 292.037)(14.39468 239.1811 201.8555)
(56.94753 104.9865 293.5272)(14.58491 80.03728 203.0746)(56.94753 214.7643 293.5272)(14.58493 238.7117 203.0746)
(57.6185 105.1938 294.6171)(14.73704 80.39248 203.9695)(57.61852 214.5654 294.6171)(14.73705 238.3708 203.9695)
(58.18461 105.367 295.5345)(14.87348 80.68991 204.7248)(58.18464 214.3991 295.5345)(14.8735 238.0853 204.7248)
(58.78514 105.5492 296.5056)(15.02612 81.00317 205.5265)(58.78514 214.2242 296.5056)(15.02613 237.7846 205.5265)
(59.41231 105.7378 297.5175)(15.19408 81.32792 206.3643)(59.41233 214.0432 297.5175)(15.19408 237.4729 206.3642)
(59.94851 105.8977 298.381)(15.3444 81.60361 207.0809)(59.94852 213.8897 298.381)(15.34442 237.2083 207.0809)
(60.50548 106.0625 299.2762)(15.50699 81.88815 207.8257)(60.5055 213.7315 299.2762)(15.50705 236.9352 207.8257)
(61.10507 106.2385 300.238)(15.68935 82.19238 208.6279)(61.10509 213.5626 300.238)(15.68936 236.6432 208.6279)
(61.76915 106.4317 301.301)(15.89981 82.52681 209.517)(61.76915 213.3771 301.301)(15.89982 236.3222 209.517)
(62.66998 106.691 302.7394)(16.19939 82.97635 210.7242)(62.67 213.1283 302.7394)(16.19941 235.8907 210.7242)
(63.28374 106.8658 303.7171)(16.41253 83.27998 211.5474)(63.28376 212.9604 303.7171)(16.41258 235.5992 211.5474)
(63.90087 107.0402 304.6983)(16.63409 83.58311 212.3758)(63.90089 212.7931 304.6983)(16.63412 235.3083 212.3758)
(64.55412 107.2231 305.7349)(16.87637 83.90167 213.2533)(64.55415 212.6175 305.7349)(16.87641 235.0025 213.2533)
(65.3413 107.4415 306.9814)(17.17865 84.28244 214.3117)(65.34135 212.4079 306.9814)(17.17868 234.637 214.3117)
(65.8748 107.5882 307.8246)(17.38983 84.53857 215.0296)(65.87484 212.2671 307.8246)(17.38988 234.3912 215.0296)
(66.46645 107.7497 308.7581)(17.62985 84.82085 215.8264)(66.46648 212.1121 308.7581)(17.62981 234.1202 215.8264)
(67.136 107.9309 309.8128)(17.9087 85.13806 216.7288)(67.13602 211.9381 309.8128)(17.90868 233.8158 216.7288)
(67.7464 108.0948 310.7726)(18.16952 85.42521 217.5523)(67.74642 211.7808 310.7726)(18.16955 233.5401 217.5523)
(68.34141 108.2534 311.7066)(18.42971 85.70325 218.3557)(68.34142 211.6286 311.7066)(18.42972 233.2732 218.3557)
(68.83495 108.384 312.4803)(18.6499 85.93253 219.0226)(68.83495 211.5033 312.4803)(18.64994 233.0532 219.0226)
(69.42908 108.5401 313.4103)(18.92016 86.20692 219.8261)(69.42911 211.3534 313.4103)(18.92018 232.7898 219.8261)
(70.07007 108.7072 314.412)(19.21789 86.50094 220.6937)(70.07008 211.193 314.412)(19.21789 232.5076 220.6937)
(70.69281 108.8684 315.3838)(19.51331 86.78468 221.5374)(70.69279 211.0383 315.3838)(19.51328 232.2352 221.5374)
(71.37803 109.0442 316.4512)(19.84506 87.0947 222.4668)(71.37803 210.8695 316.4512)(19.84508 231.9377 222.4668)
(71.96903 109.1947 317.3704)(20.13685 87.3603 223.2691)(71.96903 210.7251 317.3704)(20.13689 231.6827 223.2691)
(72.58243 109.3497 318.3231)(20.44503 87.63418 224.1026)(72.58244 210.5763 318.3231)(20.44506 231.4199 224.1026)
(73.4844 109.5756 319.7214)(20.90808 88.03373 225.3297)(73.48444 210.3595 319.7214)(20.90808 231.0364 225.3297)
(74.17435 109.7468 320.789)(21.2699 88.3368 226.2695)(74.17439 210.1952 320.789)(21.26988 230.7455 226.2695)
(74.90925 109.9275 321.9243)(21.66249 88.65721 227.2717)(74.90925 210.0217 321.9243)(21.6625 230.4379 227.2717)
(75.59644 110.0951 322.9842)(22.03616 88.95465 228.21)(75.59648 209.8608 322.9842)(22.03617 230.1524 228.21)
(76.43306 110.2973 324.2722)(22.49946 89.3139 229.3537)(76.43307 209.6667 324.2722)(22.49947 229.8076 229.3537)
(77.31426 110.5082 325.6265)(22.99718 89.68898 230.5601)(77.31428 209.4644 325.6265)(22.99718 229.4476 230.56)
(78.08412 110.6907 326.8074)(23.43997 90.01393 231.6154)(78.08415 209.2892 326.8074)(23.44 229.1357 231.6154)
(78.78756 110.856 327.8848)(23.85095 90.30862 232.581)(78.78758 209.1306 327.8848)(23.85097 228.8528 232.581)
(79.67226 111.062 329.2375)(24.37629 90.67628 233.7969)(79.67226 208.9328 329.2375)(24.37631 228.4999 233.7969)
(80.52819 111.2593 330.5438)(24.89327 91.02886 234.9751)(80.52821 208.7434 330.5438)(24.89329 228.1615 234.9751)
(81.18057 111.4085 331.5379)(25.29302 91.2956 235.8742)(81.1806 208.6002 331.5379)(25.29302 227.9055 235.8742)
(82.0036 111.5951 332.7902)(25.80417 91.62963 237.01)(82.00363 208.4211 332.7902)(25.80419 227.5849 237.01)
(83.31794 111.8895 334.7856)(26.63586 92.15743 238.8271)(83.31796 208.1384 334.7856)(26.63591 227.0782 238.8271)
(84.19585 112.0839 336.1155)(27.20173 92.5062 240.0432)(84.19588 207.9519 336.1155)(27.20172 226.7435 240.0432)
(84.94665 112.2486 337.251)(27.69202 92.80206 241.0846)(84.94665 207.7939 337.251)(27.69204 226.4595 241.0846)
(85.7266 112.4182 338.4289)(28.20749 93.10715 242.1679)(85.7266 207.631 338.4289)(28.2075 226.1666 242.1679)
(86.45713 112.5759 339.5305)(28.69583 93.39082 243.1839)(86.45715 207.4797 339.5305)(28.69586 225.8944 243.1839)
(87.29062 112.7542 340.7854)(29.25938 93.71198 244.3447)(87.29063 207.3085 340.7854)(29.2594 225.5861 244.3447)
(88.03082 112.9112 341.8982)(29.76547 93.99506 245.377)(88.03083 207.1578 341.8982)(29.7655 225.3144 245.377)
(88.7151 113.0553 342.9255)(30.23793 94.25497 246.3325)(88.71511 207.0196 342.9255)(30.23794 225.065 246.3325)
(89.4425 113.2073 344.016)(30.74488 94.52936 247.3494)(89.4425 206.8737 344.016)(30.7449 224.8015 247.3493)
(90.27551 113.3799 345.2631)(31.33145 94.84127 248.5155)(90.27552 206.708 345.2631)(31.33147 224.5022 248.5155)
(91.17195 113.5639 346.6028)(31.96957 95.17418 249.7724)(91.17195 206.5313 346.6028)(31.96959 224.1826 249.7724)
(91.95573 113.7235 347.7724)(32.53318 95.46291 250.8728)(91.95573 206.3782 347.7724)(32.53319 223.9055 250.8728)
(92.68633 113.871 348.861)(33.06334 95.73016 251.8999)(92.68633 206.2366 348.861)(33.06335 223.649 251.8999)
(93.58104 114.0501 350.1921)(33.7187 96.05491 253.1596)(93.58105 206.0646 350.1921)(33.71872 223.3373 253.1596)
(94.61742 114.2556 351.7312)(34.48597 96.42768 254.6211)(94.61742 205.8674 351.7312)(34.486 222.9794 254.6211)
(95.66639 114.4613 353.2859)(35.27134 96.80131 256.1029)(95.66637 205.67 353.2859)(35.27137 222.6208 256.1029)
(96.41933 114.6076 354.4)(35.84042 97.06725 257.1682)(96.41935 205.5296 354.3999)(35.84038 222.3656 257.1682)
(97.59542 114.8338 356.1369)(36.73787 97.47891 258.8349)(97.59541 205.3124 356.1369)(36.73787 221.9704 258.8349)
(98.49874 115.0058 357.4684)(37.43419 97.79206 260.1172)(98.49874 205.1473 357.4684)(37.43419 221.6699 260.1172)
(99.30492 115.1579 358.6548)(38.06068 98.06934 261.2633)(99.3049 205.0013 358.6548)(38.06071 221.4037 261.2633)
(100.1858 115.3228 359.949)(38.7505 98.36997 262.5174)(100.1858 204.8431 359.949)(38.75053 221.1152 262.5174)
(100.9845 115.471 361.1206)(39.38067 98.64043 263.656)(100.9845 204.7009 361.1206)(39.38064 220.8556 263.656)
(101.8237 115.6254 362.3496)(40.04743 98.92246 264.8538)(101.8237 204.5526 362.3496)(40.04741 220.5849 264.8538)
(102.5428 115.7567 363.4014)(40.62266 99.16246 265.8817)(102.5428 204.4266 363.4014)(40.62259 220.3545 265.8817)
(103.241 115.8833 364.421)(41.18429 99.39394 266.8807)(103.241 204.3051 364.4209)(41.18429 220.1323 266.8807)
(103.991 116.0183 365.5147)(41.79118 99.64095 267.9551)(103.9911 204.1755 365.5147)(41.79121 219.8952 267.9551)
(104.7715 116.1577 366.6512)(42.4265 99.89619 269.0745)(104.7715 204.0417 366.6512)(42.42651 219.6502 269.0745)
(105.5174 116.29 367.7357)(43.03725 100.1385 270.1456)(105.5174 203.9147 367.7357)(43.03731 219.4177 270.1456)
(106.6059 116.4812 369.3155)(43.93471 100.4891 271.7109)(106.6059 203.7312 369.3155)(43.93471 219.0811 271.7109)
(107.5187 116.64 370.6376)(44.69268 100.7805 273.0255)(107.5187 203.5787 370.6376)(44.69273 218.8015 273.0255)
(108.3619 116.7854 371.8566)(45.39716 101.0474 274.2414)(108.3619 203.4392 371.8566)(45.39716 218.5452 274.2414)
(109.3516 116.9546 373.2851)(46.22941 101.3583 275.6708)(109.3517 203.2767 373.2851)(46.22943 218.2468 275.6708)
(110.1046 117.0823 374.3698)(46.86622 101.5929 276.7596)(110.1046 203.1542 374.3698)(46.86623 218.0216 276.7596)
(111.0503 117.2412 375.7297)(47.67035 101.8854 278.1286)(111.0503 203.0017 375.7297)(47.67039 217.7409 278.1286)
(112.0286 117.4041 377.1338)(48.50736 102.1853 279.5469)(112.0286 202.8453 377.1338)(48.50739 217.453 279.5469)
(112.9802 117.5611 378.4968)(49.32631 102.4745 280.9284)(112.9802 202.6946 378.4968)(49.32634 217.1754 280.9284)
(113.799 117.695 379.6672)(50.03468 102.7214 282.1185)(113.799 202.5661 379.6672)(50.03471 216.9385 282.1185)
(114.5576 117.8182 380.75)(50.69407 102.9485 283.2224)(114.5576 202.4479 380.7499)(50.69407 216.7204 283.2224)
(115.4149 117.9563 381.9712)(51.44253 103.2034 284.4711)(115.4149 202.3154 381.9712)(51.44257 216.4758 284.4711)
(117.0912 118.223 384.3528)(52.91648 103.6961 286.9172)(117.0912 202.0594 384.3528)(52.91646 216.0029 286.9172)
(118.7018 118.4752 386.6324)(54.34484 104.1626 289.2722)(118.7018 201.8173 386.6324)(54.34486 215.5551 289.2722)
(119.4726 118.5945 387.7206)(55.03268 104.3836 290.4011)(119.4726 201.7027 387.7206)(55.0327 215.343 290.4011)
(120.2369 118.712 388.7976)(55.71724 104.6012 291.5214)(120.2369 201.59 388.7975)(55.71725 215.1342 291.5214)
(120.9074 118.8143 389.7408)(56.31979 104.7908 292.505)(120.9074 201.4917 389.7407)(56.31981 214.9522 292.505)
(121.6902 118.933 390.84)(57.02576 105.0108 293.6544)(121.6902 201.3778 390.8399)(57.02574 214.741 293.6544)
(122.3561 119.0332 391.7736)(57.62833 105.1968 294.633)(122.3561 201.2816 391.7736)(57.62833 214.5625 294.633)
(122.9948 119.1288 392.6676)(58.20798 105.3741 295.5723)(122.9948 201.1899 392.6675)(58.208 214.3923 295.5723)
(123.8382 119.2541 393.8459)(58.97596 105.6068 296.8137)(123.8382 201.0697 393.8459)(58.97593 214.169 296.8137)
(124.7931 119.3947 395.1771)(59.84885 105.8681 298.2206)(124.7931 200.9347 395.1771)(59.8488 213.9181 298.2206)
(125.7966 119.5411 396.5726)(60.76993 106.1404 299.7006)(125.7966 200.7942 396.5726)(60.76991 213.6568 299.7006)
(126.8539 119.6938 398.0391)(61.74454 106.4246 301.2617)(126.8539 200.6475 398.0391)(61.74457 213.3839 301.2617)
(127.7718 119.8252 399.3091)(62.59406 106.6693 302.6183)(127.7718 200.5214 399.3091)(62.59407 213.1491 302.6183)
(128.9355 119.9901 400.9146)(63.67539 106.9766 304.34)(128.9355 200.3632 400.9146)(63.67539 212.8541 304.34)
(129.7849 120.1093 402.0835)(64.46768 107.199 305.5978)(129.7849 200.2487 402.0835)(64.4677 212.6407 305.5978)
(131.07 120.2878 403.8466)(65.67103 107.5323 307.5026)(131.07 200.0774 403.8466)(65.67106 212.3208 307.5026)
(132.84 120.5302 406.265)(67.3375 107.9852 310.1298)(132.8401 199.8448 406.265)(67.33752 211.886 310.1298)
(134.1174 120.7025 408.0026)(68.54628 108.3077 312.028)(134.1174 199.6794 408.0026)(68.54631 211.5765 312.0279)
(135.324 120.8634 409.6382)(69.69289 108.6091 313.8228)(135.324 199.5249 409.6382)(69.69286 211.2872 313.8228)
(136.0983 120.9657 410.6847)(70.43094 108.8008 314.9753)(136.0983 199.4267 410.6847)(70.43094 211.1032 314.9753)
(137.0104 121.0852 411.9143)(71.30265 109.0249 316.3338)(137.0104 199.312 411.9143)(71.30263 210.888 316.3338)
(137.6675 121.1707 412.798)(71.93204 109.1853 317.3129)(137.6675 199.23 412.798)(71.93204 210.7341 317.3129)
(138.3224 121.2553 413.677)(72.56065 109.3442 318.2892)(138.3224 199.1488 413.677)(72.56065 210.5816 318.2892)
(139.4416 121.3987 415.175)(73.6376 109.6137 319.9586)(139.4416 199.0111 415.175)(73.63758 210.3229 319.9585)
(140.3098 121.5089 416.3335)(74.4754 109.821 321.2543)(140.3098 198.9054 416.3335)(74.4754 210.1239 321.2543)
(140.9972 121.5955 417.2484)(75.14014 109.984 322.2806)(140.9972 198.8223 417.2484)(75.14017 209.9675 322.2806)
(141.6256 121.6741 418.0829)(75.74886 110.1321 323.219)(141.6256 198.7467 418.0829)(75.74886 209.8253 323.219)
(142.8326 121.8239 419.6812)(76.92106 110.4144 325.0225)(142.8327 198.603 419.6812)(76.92107 209.5544 325.0225)
(144.1246 121.9823 421.3847)(78.17973 110.7132 326.9539)(144.1246 198.451 421.3847)(78.17973 209.2676 326.9539)
(145.2281 122.116 422.8338)(79.25793 110.9658 328.6044)(145.2281 198.3226 422.8338)(79.25797 209.0251 328.6043)
(146.0058 122.2094 423.8516)(80.01952 111.1423 329.7678)(146.0058 198.233 423.8516)(80.01952 208.8557 329.7678)
(147.0079 122.3287 425.1591)(81.00301 111.368 331.2675)(147.0079 198.1185 425.1591)(81.00303 208.6391 331.2675)
(148.6248 122.5187 427.2588)(82.59447 111.728 333.6879)(148.6248 197.9361 427.2588)(82.59447 208.2935 333.6879)
(149.5113 122.6216 428.4047)(83.46941 111.9232 335.0152)(149.5113 197.8373 428.4046)(83.4694 208.1062 335.0152)
(150.3138 122.714 429.4388)(84.26295 112.0986 336.2171)(150.3139 197.7486 429.4388)(84.26295 207.9378 336.2171)
(151.5031 122.8497 430.9653)(85.44127 112.3563 337.9982)(151.5031 197.6184 430.9653)(85.44127 207.6904 337.9982)
(152.9117 123.0082 432.7643)(86.84048 112.6581 340.108)(152.9117 197.4662 432.7643)(86.84052 207.4008 340.1079)
(153.7475 123.1013 433.8269)(87.67254 112.8354 341.3597)(153.7475 197.3769 433.8269)(87.67254 207.2306 341.3597)
(154.5407 123.1889 434.8321)(88.4634 113.0024 342.5478)(154.5407 197.2928 434.8321)(88.46342 207.0703 342.5478)
(155.7359 123.3196 436.3405)(89.65716 113.2519 344.3376)(155.7358 197.1673 436.3405)(89.65718 206.8308 344.3376)
(156.6881 123.4227 437.537)(90.61015 113.4488 345.7635)(156.6881 197.0685 437.5369)(90.61015 206.6418 345.7635)
(158.0141 123.5645 439.1949)(91.93974 113.7202 347.7486)(158.0141 196.9323 439.1949)(91.93976 206.3813 347.7486)
(159.0015 123.6689 440.4233)(92.93172 113.9203 349.2263)(159.0015 196.832 440.4233)(92.9317 206.1893 349.2263)
(160.0166 123.7752 441.6806)(93.95314 114.1241 350.7451)(160.0166 196.7301 441.6806)(93.95317 205.9936 350.7451)
(161.3511 123.9133 443.3247)(95.29847 114.3894 352.741)(161.3511 196.5975 443.3247)(95.29848 205.739 352.7409)
(162.2455 124.0048 444.4211)(96.20173 114.5654 354.0781)(162.2455 196.5097 444.4211)(96.20171 205.57 354.0781)
(162.9935 124.0806 445.3345)(96.95795 114.7115 355.1959)(162.9935 196.4369 445.3345)(96.95793 205.4298 355.1959)
(163.8047 124.1623 446.3214)(97.77898 114.8689 356.4077)(163.8047 196.3586 446.3214)(97.77901 205.2787 356.4077)
(164.5152 124.2332 447.1825)(98.49879 115.0058 357.4684)(164.5152 196.2905 447.1825)(98.49879 205.1473 357.4684)
(165.1989 124.301 448.0085)(99.19224 115.1367 358.489)(165.1989 196.2254 448.0085)(99.19221 205.0216 358.489)
(165.9772 124.3776 448.9453)(99.9823 115.2848 359.6502)(165.9772 196.1519 448.9453)(99.9823 204.8795 359.6502)
(166.7823 124.4561 449.9105)(100.8004 115.4369 360.8507)(166.7823 196.0765 449.9105)(100.8004 204.7335 360.8507)
(167.5426 124.5297 450.8185)(101.5738 115.5795 361.9839)(167.5426 196.0058 450.8184)(101.5738 204.5966 361.9839)
(168.3349 124.6058 451.7608)(102.3805 115.7271 363.164)(168.3349 195.9328 451.7608)(102.3805 204.455 363.164)
(169.1269 124.6812 452.6991)(103.1877 115.8737 364.3431)(169.1269 195.8604 452.699)(103.1877 204.3143 364.343)
(169.7171 124.737 453.3956)(103.7896 115.9821 365.2211)(169.7171 195.8069 453.3956)(103.7896 204.2102 365.2211)
(170.3393 124.7955 454.1276)(104.4247 116.0959 366.1464)(170.3393 195.7508 454.1276)(104.4247 204.101 366.1464)
(170.8989 124.8477 454.7839)(104.9962 116.1977 366.9781)(170.8989 195.7006 454.7839)(104.9962 204.0033 366.9781)
(171.5038 124.9039 455.491)(105.6144 116.3071 367.8766)(171.5038 195.6467 455.491)(105.6144 203.8983 367.8766)
(172.0364 124.953 456.1117)(106.1591 116.403 368.6674)(172.0364 195.5996 456.1117)(106.1591 203.8063 368.6674)
(172.6797 125.0119 456.859)(106.8174 116.5181 369.622)(172.6798 195.543 456.859)(106.8174 203.6957 369.622)
(175.2175 125.2406 459.7805)(109.4184 116.966 373.3813)(175.2175 195.3235 459.7805)(109.4184 203.2659 373.3813)
(177.3265 125.4259 462.1757)(111.5847 117.3304 376.4971)(177.3265 195.1456 462.1757)(111.5847 202.9161 376.4971)
(179.0396 125.5733 464.0989)(113.3474 117.6213 379.022)(179.0396 195.0041 464.0989)(113.3474 202.6368 379.022)
(179.9367 125.6494 465.098)(114.2715 117.7719 380.3419)(179.9367 194.9311 465.098)(114.2716 202.4923 380.3419)
(180.8542 125.7265 466.1139)(115.2173 117.9245 381.69)(180.8542 194.8571 466.1139)(115.2173 202.3458 381.69)
(181.7931 125.8045 467.1472)(116.1858 118.0795 383.0676)(181.7931 194.7822 467.1471)(116.1858 202.1971 383.0675)
(182.666 125.8763 468.1023)(117.0869 118.2223 384.3466)(182.666 194.7133 468.1022)(117.0869 202.06 384.3466)
(183.3348 125.9309 468.8302)(117.7776 118.3309 385.3253)(183.3348 194.6609 468.8302)(117.7776 201.9557 385.3253)
(184.3259 126.0109 469.903)(118.8017 118.4907 386.7736)(184.3259 194.5841 469.903)(118.8017 201.8024 386.7736)
(185.0416 126.0682 470.6732)(119.5418 118.6052 387.8181)(185.0416 194.5292 470.6732)(119.5418 201.6925 387.8181)
(185.7464 126.1241 471.4279)(120.2709 118.7172 388.8453)(185.7464 194.4755 471.4279)(120.2709 201.585 388.8453)
(186.4095 126.1763 472.1347)(120.9571 118.8219 389.8106)(186.4095 194.4254 472.1346)(120.9571 201.4845 389.8106)
(187.2987 126.2457 473.0772)(121.8778 118.9613 391.1032)(187.2987 194.3588 473.0771)(121.8778 201.3507 391.1032)
(188.1007 126.3076 473.9221)(122.7087 119.086 392.2672)(188.1007 194.2993 473.9221)(122.7086 201.2309 392.2672)
(188.9439 126.3722 474.805)(123.5825 119.2162 393.4889)(188.9439 194.2374 474.805)(123.5825 201.106 393.4889)
(189.7265 126.4315 475.6196)(124.3939 119.336 394.621)(189.7265 194.1805 475.6196)(124.3939 200.991 394.621)
(192.5976 126.6444 478.567)(127.3736 119.7683 398.7585)(192.5976 193.9761 478.567)(127.3736 200.576 398.7585)
(194.2019 126.7602 480.1853)(129.0403 120.0048 401.0589)(194.2019 193.865 480.1853)(129.0403 200.349 401.0589)
(196.8995 126.9498 482.8591)(131.8453 120.3945 404.9074)(196.8995 193.683 482.8591)(131.8453 199.975 404.9074)
(197.7688 127.0095 483.7078)(132.7498 120.5179 406.1419)(197.7688 193.6256 483.7078)(132.7498 199.8566 406.1419)
(198.6167 127.0671 484.5296)(133.6323 120.6373 407.3434)(198.6167 193.5703 484.5296)(133.6323 199.7419 407.3434)
(199.4437 127.1228 485.3252)(134.4932 120.7529 408.5127)(199.4437 193.5169 485.3252)(134.4932 199.6311 408.5127)
(200.1685 127.171 486.0177)(135.248 120.8533 409.5353)(200.1685 193.4706 486.0176)(135.248 199.5346 409.5352)
(200.7813 127.2115 486.5996)(135.8862 120.9378 410.3982)(200.7813 193.4317 486.5995)(135.8861 199.4536 410.3981)
(201.3412 127.2482 487.1285)(136.4695 121.0145 411.1854)(201.3412 193.3965 487.1285)(136.4695 199.3799 411.1854)
(202.1384 127.3 487.8769)(137.3 121.1229 412.304)(202.1384 193.3468 487.8769)(137.3 199.2758 412.3039)
(202.8707 127.347 488.5594)(138.0631 121.2219 413.3292)(202.8707 193.3017 488.5594)(138.0631 199.1809 413.3292)
(203.4821 127.386 489.1257)(138.7003 121.3039 414.1834)(203.4821 193.2643 489.1257)(138.7003 199.1021 414.1833)
(204.0612 127.4226 489.659)(139.3039 121.3811 414.9911)(204.0612 193.2291 489.659)(139.304 199.028 414.9911)
(204.711 127.4634 490.2538)(139.9813 121.4673 415.8955)(204.711 193.19 490.2538)(139.9813 198.9453 415.8955)
(205.3421 127.5026 490.828)(140.6393 121.5505 416.7723)(205.3421 193.1524 490.828)(140.6393 198.8655 416.7723)
(205.8165 127.5319 491.2573)(141.134 121.6126 417.4302)(205.8166 193.1243 491.2573)(141.134 198.8058 417.4302)
(206.4279 127.5693 491.8074)(141.7715 121.6923 418.2765)(206.4279 193.0883 491.8073)(141.7715 198.7293 418.2765)
(207.0455 127.6068 492.3597)(142.4157 121.7724 419.1298)(207.0455 193.0523 492.3597)(142.4157 198.6525 419.1298)
(207.6303 127.642 492.8795)(143.0256 121.8477 419.9361)(207.6303 193.0185 492.8795)(143.0256 198.5802 419.9361)
(208.1892 127.6754 493.3734)(143.6086 121.9193 420.7053)(208.1893 192.9865 493.3734)(143.6086 198.5115 420.7053)
(208.7716 127.7099 493.8849)(144.2161 121.9934 421.5052)(208.7716 192.9533 493.8849)(144.2161 198.4403 421.5051)
(209.296 127.7408 494.3429)(144.7632 122.0598 422.224)(209.2961 192.9238 494.3429)(144.7632 198.3765 422.224)
(209.9898 127.7812 494.9449)(145.4871 122.1472 423.1731)(209.9899 192.8849 494.9449)(145.4871 198.2927 423.1731)
(210.5954 127.8162 495.4667)(146.119 122.2229 423.9996)(210.5954 192.8513 495.4666)(146.119 198.22 423.9996)
(211.2346 127.8528 496.0137)(146.7859 122.3023 424.87)(211.2346 192.8162 496.0137)(146.7859 198.1438 424.87)
(211.7864 127.8841 496.4828)(147.3618 122.3705 425.6198)(211.7864 192.7861 496.4828)(147.3618 198.0784 425.6197)
(212.3141 127.9138 496.9287)(147.9124 122.4353 426.3353)(212.3141 192.7576 496.9287)(147.9124 198.0161 426.3353)
(212.8524 127.9439 497.3809)(148.4742 122.5011 427.0638)(212.8524 192.7287 497.3809)(148.4742 197.953 427.0638)
(213.5361 127.9818 497.9512)(149.1877 122.5842 427.9868)(213.5361 192.6924 497.9512)(149.1877 197.8733 427.9868)
(214.0589 128.0105 498.3843)(149.7332 122.6473 428.6909)(214.0588 192.6649 498.3842)(149.7332 197.8127 428.6909)
(214.5931 128.0395 498.8241)(150.2908 122.7114 429.4091)(214.5931 192.6369 498.8241)(150.2908 197.7512 429.409)
(215.0774 128.0657 499.2205)(150.7962 122.7692 430.0587)(215.0773 192.6118 499.2205)(150.7962 197.6956 430.0587)
(215.671 128.0975 499.7032)(151.4158 122.8398 430.8535)(215.671 192.5813 499.7032)(151.4158 197.6279 430.8535)
(216.3449 128.1333 500.2471)(152.1191 122.9193 431.7532)(216.3449 192.547 500.2471)(152.1191 197.5516 431.7532)
(216.8556 128.1602 500.6563)(152.6521 122.9792 432.4334)(216.8556 192.5212 500.6563)(152.6521 197.4941 432.4334)
(217.4112 128.1891 501.0986)(153.232 123.044 433.1718)(217.4112 192.4933 501.0986)(153.232 197.4319 433.1718)
(217.9899 128.2191 501.556)(153.8359 123.1111 433.9391)(217.9899 192.4646 501.556)(153.8359 197.3675 433.9391)
(218.5661 128.2486 502.0083)(154.4373 123.1775 434.7013)(218.5662 192.4363 502.0083)(154.4373 197.3037 434.7013)
(219.152 128.2784 502.4647)(155.0488 123.2447 435.4742)(219.152 192.4077 502.4646)(155.0488 197.2393 435.4742)
(219.6408 128.303 502.8428)(155.5588 123.3004 436.1175)(219.6407 192.3841 502.8428)(155.5588 197.1858 436.1175)
(220.1801 128.3299 503.2573)(156.1217 123.3615 436.8259)(220.1801 192.3583 503.2573)(156.1217 197.1272 436.8258)
(220.7322 128.3572 503.6786)(156.6978 123.4237 437.5491)(220.7322 192.332 503.6786)(156.6978 197.0674 437.549)
(221.2309 128.3817 504.0565)(157.2182 123.4796 438.2009)(221.2309 192.3085 504.0565)(157.2182 197.0138 438.2009)
(221.827 128.4107 504.5049)(157.8402 123.546 438.978)(221.827 192.2807 504.5049)(157.8402 196.95 438.978)
(222.3714 128.4369 504.9112)(158.4082 123.6063 439.6858)(222.3714 192.2556 504.9112)(158.4082 196.8922 439.6858)
(223.0304 128.4683 505.3991)(159.0958 123.6789 440.5404)(223.0304 192.2254 505.3991)(159.0958 196.8225 440.5403)
(223.5264 128.4918 505.7634)(159.6133 123.7331 441.1818)(223.5264 192.2029 505.7634)(159.6133 196.7705 441.1818)
(224.0672 128.5171 506.1577)(160.1775 123.7919 441.8794)(224.0672 192.1786 506.1577)(160.1775 196.714 441.8793)
(224.764 128.5494 506.6613)(160.9044 123.8672 442.7755)(224.764 192.1476 506.6613)(160.9043 196.6417 442.7755)
(225.3326 128.5755 507.0686)(161.4974 123.9283 443.5045)(225.3326 192.1226 507.0686)(161.4974 196.5831 443.5045)
(225.8159 128.5974 507.4121)(162.0015 123.9799 444.1225)(225.8159 192.1015 507.4121)(162.0015 196.5336 444.1225)
(226.4148 128.6243 507.8344)(162.6262 124.0434 444.8863)(226.4148 192.0756 507.8344)(162.6262 196.4726 444.8863)
(226.9848 128.6497 508.2328)(163.2205 124.1035 445.611)(226.9847 192.0513 508.2328)(163.2205 196.4149 445.611)
(227.6614 128.6795 508.7014)(163.9261 124.1744 446.4687)(227.6614 192.0227 508.7014)(163.9261 196.3469 446.4687)
(228.356 128.7097 509.1775)(164.6504 124.2466 447.3461)(228.356 191.9937 509.1775)(164.6504 196.2776 447.3461)
(228.9321 128.7345 509.5684)(165.251 124.3061 448.0713)(228.9321 191.9699 509.5684)(165.251 196.2205 448.0713)
(229.4902 128.7583 509.9438)(165.8328 124.3634 448.7717)(229.4902 191.9471 509.9438)(165.8328 196.1655 448.7717)
(230.4232 128.7974 510.5639)(166.8052 124.4584 449.9379)(230.4232 191.9095 510.5639)(166.8052 196.0743 449.9379)
(230.9998 128.8213 510.9425)(167.4061 124.5166 450.6557)(230.9998 191.8866 510.9425)(167.4061 196.0185 450.6557)
(231.6002 128.8459 511.333)(168.0317 124.5768 451.4007)(231.6001 191.863 511.333)(168.0317 195.9607 451.4007)
(232.2152 128.8707 511.7289)(168.6726 124.638 452.1613)(232.2153 191.8391 511.7289)(168.6726 195.9019 452.1613)
(232.8588 128.8965 512.139)(169.343 124.7017 452.9544)(232.8588 191.8145 512.1389)(169.3431 195.8407 452.9544)
(233.3943 128.9176 512.4766)(169.9008 124.7543 453.612)(233.3943 191.7941 512.4766)(169.9008 195.7903 453.612)
(233.9601 128.9397 512.8301)(170.4901 124.8096 454.3047)(233.9601 191.7729 512.83)(170.4901 195.7372 454.3047)
(234.6823 128.9676 513.2761)(171.2422 124.8796 455.1855)(234.6823 191.7462 513.2761)(171.2422 195.67 455.1854)
(235.5608 129.0009 513.811)(172.1568 124.964 456.2518)(235.5608 191.7142 513.8109)(172.1568 195.589 456.2518)
(236.3184 129.0292 514.2654)(172.9455 125.0362 457.1669)(236.3184 191.687 514.2654)(172.9455 195.5197 457.1669)
(236.9268 129.0516 514.6258)(173.5786 125.0936 457.8987)(236.9268 191.6655 514.6258)(173.5786 195.4646 457.8987)
(237.5822 129.0754 515.0095)(174.2607 125.1551 458.684)(237.5822 191.6427 515.0095)(174.2607 195.4055 458.684)
(238.4529 129.1065 515.5118)(175.1665 125.2361 459.7223)(238.4529 191.6128 515.5118)(175.1665 195.3279 459.7223)
(239.068 129.1281 515.8616)(175.8064 125.2928 460.4524)(239.0681 191.5921 515.8616)(175.8064 195.2734 460.4523)
(239.7115 129.1505 516.223)(176.4756 125.3517 461.213)(239.7115 191.5707 516.223)(176.4756 195.2169 461.213)
(240.4101 129.1743 516.61)(177.202 125.4151 462.0352)(240.4101 191.5477 516.61)(177.202 195.156 462.0352)
(241.1573 129.1994 517.0179)(177.9787 125.4824 462.9103)(241.1572 191.5236 517.0179)(177.9787 195.0914 462.9103)
(241.6893 129.217 517.3046)(178.5317 125.5299 463.5309)(241.6893 191.5067 517.3046)(178.5317 195.0458 463.5309)
(242.2904 129.2367 517.6246)(179.1564 125.5833 464.2293)(242.2904 191.4879 517.6246)(179.1564 194.9946 464.2293)
(243.013 129.2599 518.0038)(179.907 125.6469 465.065)(243.0129 191.4656 518.0037)(179.907 194.9335 465.065)
(243.7755 129.2841 518.3975)(180.6991 125.7135 465.9425)(243.7755 191.4424 518.3975)(180.6991 194.8696 465.9425)
(244.5332 129.3076 518.7822)(181.486 125.7791 466.8098)(244.5332 191.4198 518.7822)(181.486 194.8066 466.8098)
(245.1719 129.3271 519.1014)(182.1491 125.8339 467.5374)(245.1719 191.4011 519.1014)(182.1491 194.754 467.5373)
(245.8723 129.3481 519.446)(182.8761 125.8935 468.3313)(245.8723 191.381 519.446)(182.8761 194.6968 468.3313)
(246.7642 129.3743 519.8766)(183.8017 125.9687 469.3365)(246.7642 191.3558 519.8766)(183.8017 194.6246 469.3365)
(247.4787 129.3949 520.215)(184.5429 126.0283 470.137)(247.4787 191.336 520.215)(184.5429 194.5674 470.137)
(248.2504 129.4166 520.5738)(185.3432 126.0922 470.9967)(248.2504 191.3152 520.5738)(185.3432 194.5061 470.9967)
(249.1154 129.4405 520.9678)(186.2401 126.163 471.9545)(249.1154 191.2922 520.9677)(186.2401 194.4381 471.9545)
(249.8567 129.4605 521.2985)(187.0085 126.2231 472.7703)(249.8567 191.273 521.2985)(187.0085 194.3804 472.7703)
(250.4906 129.4773 521.5762)(187.6655 126.2741 473.4642)(250.4907 191.2569 521.5762)(187.6654 194.3315 473.4642)
(251.1156 129.4936 521.8453)(188.3129 126.3239 474.1448)(251.1156 191.2413 521.8453)(188.3129 194.2837 474.1448)
(251.7636 129.5101 522.1196)(188.9841 126.3752 474.847)(251.7636 191.2254 522.1195)(188.9841 194.2345 474.847)
(252.5052 129.5287 522.4273)(189.752 126.4334 475.6461)(252.5051 191.2076 522.4273)(189.752 194.1786 475.6461)
(253.4032 129.5506 522.7913)(190.6815 126.5031 476.6073)(253.4032 191.1866 522.7913)(190.6815 194.1117 476.6073)
(254.0974 129.5671 523.0661)(191.4 126.5564 477.3455)(254.0974 191.1707 523.0661)(191.3999 194.0605 477.3455)
(254.8627 129.5849 523.3625)(192.1916 126.6147 478.1542)(254.8626 191.1536 523.3625)(192.1916 194.0046 478.1542)
(255.5199 129.5999 523.6115)(192.8713 126.6643 478.8446)(255.5199 191.1393 523.6115)(192.8713 193.957 478.8446)
(256.2315 129.6157 523.8752)(193.6071 126.7175 479.5877)(256.2315 191.1241 523.8752)(193.607 193.9059 479.5877)
(256.8603 129.6293 524.1032)(194.257 126.7641 480.2405)(256.8603 191.111 524.1032)(194.2569 193.8612 480.2405)
(257.5536 129.644 524.3492)(194.9734 126.815 480.9561)(257.5536 191.0969 524.3491)(194.9733 193.8123 480.956)
(258.8119 129.6698 524.7808)(196.2731 126.9063 482.2436)(258.8119 191.0721 524.7808)(196.2731 193.7247 482.2435)
(259.7573 129.6884 525.0925)(197.2491 126.9739 483.2011)(259.7573 191.0543 525.0925)(197.249 193.6599 483.2011)
(260.7149 129.7066 525.3973)(198.2373 127.0414 484.1626)(260.7149 191.0368 525.3973)(198.2373 193.595 484.1626)
(261.5 129.721 525.6389)(199.0471 127.0962 484.9443)(261.5 191.023 525.6389)(199.0471 193.5424 484.9443)
(262.4896 129.7385 525.9328)(200.0675 127.1643 485.9214)(262.4896 191.0063 525.9328)(200.0675 193.477 485.9214)
(263.3053 129.7523 526.1661)(200.9083 127.2198 486.7198)(263.3053 190.993 526.1661)(200.9083 193.4237 486.7198)
(264.0854 129.7651 526.3817)(201.712 127.2723 487.4773)(264.0854 190.9807 526.3817)(201.712 193.3734 487.4773)
(264.8993 129.778 526.5986)(202.5503 127.3265 488.2614)(264.8993 190.9683 526.5986)(202.5503 193.3214 488.2613)
(265.6085 129.7888 526.7811)(203.2805 127.3732 488.9393)(265.6085 190.9579 526.7811)(203.2805 193.2766 488.9393)
(266.4244 129.8008 526.9835)(204.1202 127.4263 489.7132)(266.4244 190.9464 526.9835)(204.1202 193.2256 489.7132)
(267.1449 129.811 527.1553)(204.8615 127.4727 490.3911)(267.1449 190.9367 527.1553)(204.8614 193.181 490.3911)
(267.89 129.8211 527.3264)(205.6277 127.5202 491.0866)(267.89 190.927 527.3264)(205.6276 193.1354 491.0866)
(268.5495 129.8297 527.4721)(206.3057 127.5618 491.6978)(268.5495 190.9187 527.4721)(206.3057 193.0955 491.6978)
(269.9623 129.8471 527.7662)(207.7575 127.6496 492.9922)(269.9623 190.902 527.7662)(207.7574 193.0112 492.9921)
(272.4496 129.8741 528.2242)(210.3107 127.7998 495.2217)(272.4495 190.8761 528.2242)(210.3107 192.8671 495.2217)
(273.7685 129.8866 528.436)(211.6633 127.8771 496.3784)(273.7685 190.8641 528.436)(211.6633 192.7928 496.3784)
(275.0265 129.8972 528.6179)(212.9526 127.9495 497.4647)(275.0265 190.8538 528.6179)(212.9526 192.7234 497.4647)
(275.9237 129.9042 528.7357)(213.8716 128.0002 498.2294)(275.9237 190.8472 528.7357)(213.8716 192.6747 498.2294)
(277.3441 129.9139 528.9016)(215.3256 128.079 499.4227)(277.3441 190.8378 528.9016)(215.3256 192.599 499.4227)
(278.5131 129.9209 529.0193)(216.5213 128.1426 500.3888)(278.513 190.8312 529.0193)(216.5213 192.538 500.3887)
(279.5583 129.9262 529.1102)(217.5899 128.1984 501.2402)(279.5583 190.8261 529.1102)(217.5898 192.4845 501.2402)
(280.7612 129.9313 529.1979)(218.8189 128.2615 502.2056)(280.7612 190.8211 529.1979)(218.8189 192.4239 502.2056)
(281.637 129.9344 529.2504)(219.7132 128.3066 502.8987)(281.637 190.8182 529.2504)(219.7132 192.3806 502.8987)
(282.3951 129.9366 529.2881)(220.487 128.3451 503.4918)(282.3951 190.816 529.2881)(220.487 192.3437 503.4918)
(283.133 129.9384 529.3179)(221.2398 128.3821 504.0632)(283.133 190.8144 529.3179)(221.2398 192.3081 504.0632)
(283.9737 129.9399 529.3437)(222.0971 128.4237 504.7069)(283.9737 190.8129 529.3437)(222.0971 192.2682 504.7069)
(284.7342 129.9408 529.3593)(222.8724 128.4608 505.2826)(284.7342 190.812 529.3593)(222.8724 192.2326 505.2826)
(285.6773 129.9414 529.3687)(223.8333 128.5062 505.9875)(285.6773 190.8115 529.3687)(223.8333 192.1891 505.9875)
(286.3669 129.9413 529.3685)(224.5356 128.5388 506.4968)(286.367 190.8115 529.3684)(224.5356 192.1577 506.4968)
(287.2807 129.9408 529.3591)(225.4657 128.5815 507.1635)(287.2807 190.8121 529.3591)(225.4657 192.1167 507.1634)
(288.166 129.9397 529.34)(226.3664 128.6222 507.8004)(288.166 190.8131 529.34)(226.3664 192.0777 507.8004)
(288.8682 129.9384 529.3179)(227.0805 128.654 508.2995)(288.8682 190.8144 529.3179)(227.0805 192.0472 508.2994)
(289.5849 129.9367 529.289)(227.8091 128.686 508.8031)(289.5849 190.816 529.289)(227.8091 192.0165 508.8031)
(290.3787 129.9344 529.2496)(228.6157 128.7209 509.3541)(290.3788 190.8182 529.2496)(228.6157 191.9829 509.3541)
(291.0241 129.9321 529.2117)(229.2711 128.749 509.7968)(291.024 190.8203 529.2116)(229.2711 191.956 509.7968)
(292.0326 129.9281 529.142)(230.295 128.7921 510.4793)(292.0326 190.8243 529.142)(230.295 191.9146 510.4792)
(293.0406 129.9232 529.0598)(231.3177 128.8343 511.1498)(293.0406 190.8289 529.0598)(231.3177 191.8741 511.1498)
(293.8866 129.9186 528.981)(232.1755 128.8691 511.7036)(293.8866 190.8334 528.981)(232.1755 191.8407 511.7036)
(294.5573 129.9146 528.9122)(232.8554 128.8963 512.1368)(294.5573 190.8372 528.9122)(232.8554 191.8146 512.1368)
(295.2953 129.9097 528.83)(233.6032 128.9258 512.6075)(295.2953 190.8419 528.83)(233.6032 191.7863 512.6075)
(296.2607 129.9028 528.7122)(234.5808 128.9637 513.2137)(296.2607 190.8485 528.7122)(234.5808 191.7499 513.2137)
(297.0624 129.8965 528.6057)(235.3923 128.9946 513.709)(297.0624 190.8545 528.6057)(235.3922 191.7202 513.709)
(297.8893 129.8896 528.4874)(236.2288 129.0259 514.212)(297.8893 190.8612 528.4874)(236.2287 191.6902 514.212)
(298.5285 129.8838 528.3902)(236.8751 129.0497 514.5954)(298.5285 190.8667 528.3902)(236.8751 191.6674 514.5954)
(299.2642 129.8769 528.272)(237.6188 129.0767 515.0308)(299.2642 190.8734 528.272)(237.6188 191.6414 515.0308)
(300.0039 129.8695 528.1464)(238.3662 129.1034 515.4622)(300.0039 190.8805 528.1464)(238.3662 191.6158 515.4622)
(300.7007 129.8621 528.0219)(239.0699 129.1282 515.8626)(300.7007 190.8875 528.0219)(239.0699 191.592 515.8626)
(301.4084 129.8543 527.8893)(239.7843 129.1529 516.2635)(301.4084 190.895 527.8893)(239.7843 191.5683 516.2635)
(302.2093 129.845 527.7318)(240.5925 129.1805 516.7101)(302.2093 190.904 527.7318)(240.5924 191.5418 516.7101)
(303.5646 129.8282 527.4473)(241.9592 129.2259 517.4487)(303.5646 190.9201 527.4473)(241.9591 191.4982 517.4487)
(304.7636 129.8122 527.1767)(243.1674 129.2649 518.084)(304.7636 190.9355 527.1767)(243.1674 191.4608 518.084)
(305.6049 129.8004 526.9764)(244.0145 129.2915 518.5196)(305.6049 190.9468 526.9764)(244.0145 191.4353 518.5196)
(306.4503 129.7879 526.7663)(244.8655 129.3177 518.9489)(306.4503 190.9588 526.7662)(244.8655 191.4101 518.9489)
(307.2568 129.7756 526.5577)(245.6768 129.3422 519.3504)(307.2568 190.9706 526.5577)(245.6768 191.3866 519.3504)
(308.0982 129.7621 526.3317)(246.5229 129.3672 519.761)(308.0982 190.9835 526.3317)(246.5229 191.3626 519.761)
(309.0792 129.7458 526.0572)(247.5087 129.3957 520.2291)(309.0792 190.9992 526.0572)(247.5088 191.3353 520.2291)
(309.8419 129.7327 525.8358)(248.2748 129.4173 520.5851)(309.8419 191.0118 525.8358)(248.2748 191.3145 520.5851)
(310.593 129.7193 525.6107)(249.0289 129.4382 520.9288)(310.593 191.0246 525.6107)(249.0289 191.2945 520.9288)
(311.3344 129.7057 525.382)(249.7729 129.4583 521.2614)(311.3344 191.0377 525.3819)(249.7729 191.2752 521.2614)
(312.0236 129.6926 525.1633)(250.4642 129.4766 521.5647)(312.0236 191.0502 525.1633)(250.4642 191.2576 521.5646)
(312.6917 129.6797 524.9458)(251.1341 129.4941 521.8532)(312.6917 191.0627 524.9457)(251.1341 191.2408 521.8531)
(313.2232 129.6691 524.769)(251.6669 129.5077 522.0789)(313.2232 191.0728 524.769)(251.6669 191.2278 522.0789)
(313.8979 129.6554 524.5397)(252.3428 129.5247 522.3605)(313.8979 191.086 524.5397)(252.3428 191.2115 522.3605)
(314.6675 129.6394 524.2714)(253.1137 129.5436 522.675)(314.6675 191.1013 524.2714)(253.1137 191.1933 522.675)
(315.3641 129.6245 524.0225)(253.8109 129.5603 522.9534)(315.3641 191.1156 524.0224)(253.8109 191.1772 522.9534)
(316.0179 129.6102 523.7835)(254.4652 129.5757 523.2095)(316.0179 191.1294 523.7835)(254.4652 191.1624 523.2095)
(316.5996 129.5972 523.5666)(255.0471 129.5891 523.4329)(316.5996 191.1419 523.5666)(255.0471 191.1496 523.4329)
(317.2404 129.5826 523.3231)(255.6877 129.6036 523.6743)(317.2404 191.1559 523.3231)(255.6878 191.1357 523.6742)
(317.857 129.5682 523.084)(256.3041 129.6172 523.9017)(317.857 191.1697 523.084)(256.3041 191.1226 523.9017)
(318.6425 129.5495 522.773)(257.0889 129.6342 524.1849)(318.6425 191.1876 522.773)(257.0889 191.1063 524.1849)
(319.466 129.5294 522.4391)(257.9113 129.6515 524.4738)(319.466 191.2069 522.4391)(257.9113 191.0897 524.4738)
(320.3549 129.5071 522.0698)(258.7986 129.6696 524.7763)(320.355 191.2283 522.0698)(258.7986 191.0724 524.7763)
(320.9829 129.4911 521.8032)(259.425 129.682 524.9842)(320.9829 191.2437 521.8032)(259.425 191.0605 524.9842)
(321.6615 129.4733 521.51)(260.1017 129.695 525.2034)(321.6615 191.2607 521.51)(260.1017 191.0479 525.2034)
(322.3443 129.4552 521.2095)(260.7824 129.7078 525.4184)(322.3443 191.2782 521.2095)(260.7823 191.0356 525.4184)
(323.2835 129.4296 520.7872)(261.7183 129.7249 525.7048)(323.2835 191.3027 520.7872)(261.7183 191.0193 525.7048)
(324.1832 129.4044 520.3731)(262.6141 129.7406 525.9689)(324.1832 191.3268 520.3731)(262.6141 191.0042 525.9689)
(325.0179 129.3806 519.9805)(263.4449 129.7546 526.2053)(325.0179 191.3498 519.9805)(263.4448 190.9907 526.2052)
(325.9204 129.3542 519.5469)(264.3427 129.7692 526.4512)(325.9204 191.3751 519.5469)(264.3427 190.9767 526.4511)
(326.747 129.3295 519.1416)(265.1646 129.7821 526.6676)(326.747 191.3988 519.1416)(265.1645 190.9644 526.6676)
(327.8825 129.2947 518.572)(266.2929 129.7989 526.9514)(327.8825 191.4322 518.572)(266.2929 190.9483 526.9514)
(328.6476 129.2707 518.1799)(267.0526 129.8097 527.1337)(328.6476 191.4552 518.1799)(267.0526 190.9379 527.1336)
(329.9626 129.2285 517.4904)(268.3577 129.8272 527.4302)(329.9626 191.4958 517.4904)(268.3578 190.9211 527.4302)
(330.7487 129.2025 517.0688)(269.1376 129.8371 527.5975)(330.7487 191.5206 517.0688)(269.1375 190.9116 527.5975)
(331.5653 129.1751 516.6236)(269.9471 129.8469 527.7632)(331.5653 191.5469 516.6236)(269.9471 190.9022 527.7631)
(332.8166 129.1322 515.9268)(271.1869 129.8609 528.0012)(332.8166 191.5882 515.9267)(271.1869 190.8887 528.0012)
(334.0661 129.088 515.2134)(272.424 129.8738 528.2198)(334.0661 191.6306 515.2134)(272.424 190.8763 528.2198)
(335.3414 129.0418 514.4675)(273.6857 129.8858 528.4233)(335.3414 191.675 514.4675)(273.6857 190.8648 528.4233)
(336.2135 129.0094 513.9471)(274.5479 129.8933 528.5511)(336.2135 191.706 513.9471)(274.5479 190.8576 528.551)
(338.4601 128.9233 512.5679)(276.7671 129.9101 528.8372)(338.4601 191.7887 512.5679)(276.7671 190.8415 528.8372)
(340.4113 128.8454 511.3256)(278.6922 129.9218 529.0358)(340.4113 191.8635 511.3256)(278.6922 190.8302 529.0358)
(341.4141 128.8042 510.6712)(279.6807 129.9268 529.1199)(341.4141 191.903 510.6712)(279.6807 190.8255 529.1199)
(342.2975 128.7672 510.0858)(280.5511 129.9305 529.1839)(342.2975 191.9385 510.0858)(280.5511 190.8219 529.1839)
(343.231 128.7275 509.4582)(281.4703 129.9339 529.2411)(343.231 191.9766 509.4581)(281.4703 190.8187 529.2411)
(343.9687 128.6957 508.9557)(282.1964 129.9361 529.2789)(343.9686 192.0072 508.9557)(282.1964 190.8166 529.2789)
(344.713 128.6631 508.4429)(282.9287 129.9379 529.3104)(344.713 192.0385 508.4428)(282.9287 190.8148 529.3104)
(345.3921 128.633 507.9699)(283.5966 129.9393 529.3333)(345.3921 192.0674 507.9699)(283.5966 190.8135 529.3332)
(346.0486 128.6035 507.508)(284.242 129.9403 529.35)(346.0486 192.0956 507.508)(284.242 190.8125 529.35)
(346.7539 128.5715 507.0069)(284.9351 129.941 529.3622)(346.7539 192.1263 507.0069)(284.9351 190.8119 529.3622)
(347.3484 128.5442 506.5806)(285.519 129.9413 529.3679)(347.3484 192.1525 506.5806)(285.519 190.8116 529.3679)
(347.9568 128.516 506.1404)(286.1166 129.9414 529.3693)(347.9568 192.1796 506.1404)(286.1166 190.8115 529.3692)
(348.5403 128.4886 505.7146)(286.6895 129.9412 529.3663)(348.5403 192.2059 505.7146)(286.6895 190.8116 529.3663)
(349.1713 128.4588 505.2504)(287.3087 129.9408 529.3586)(349.1713 192.2346 505.2503)(287.3086 190.8121 529.3586)
(349.7314 128.432 504.8348)(287.8582 129.9401 529.3477)(349.7314 192.2603 504.8348)(287.8581 190.8127 529.3477)
(350.5079 128.3944 504.2534)(288.6197 129.9389 529.3265)(350.5079 192.2963 504.2534)(288.6197 190.8139 529.3264)
(351.3437 128.3535 503.6209)(289.4389 129.9371 529.2954)(351.3437 192.3356 503.6209)(289.4389 190.8156 529.2954)
(352.1107 128.3154 503.0342)(290.1906 129.935 529.2596)(352.1107 192.3722 503.0342)(290.1906 190.8177 529.2596)
(352.8433 128.2786 502.4684)(290.908 129.9326 529.2189)(352.8433 192.4075 502.4684)(290.908 190.8199 529.2189)
(353.882 128.2257 501.657)(291.9249 129.9285 529.1501)(353.882 192.4583 501.657)(291.9249 190.8238 529.1501)
(354.8763 128.1742 500.8702)(292.8977 129.924 529.0723)(354.8763 192.5077 500.8702)(292.8977 190.8282 529.0722)
(355.662 128.1329 500.2416)(293.6662 129.9198 529.0024)(355.662 192.5473 500.2416)(293.6662 190.8322 529.0024)
(356.4654 128.0902 499.5927)(294.4516 129.9152 528.9234)(356.4654 192.5883 499.5927)(294.4516 190.8366 528.9234)
(357.1842 128.0516 499.0067)(295.154 129.9107 528.8463)(357.1842 192.6254 499.0067)(295.154 190.841 528.8463)
(357.9501 128.01 498.3769)(295.9022 129.9055 528.7573)(357.9501 192.6653 498.3769)(295.9022 190.846 528.7573)
(358.96 127.9543 497.5379)(296.8882 129.8979 528.6295)(358.96 192.7187 497.5379)(296.8882 190.8532 528.6295)
(361.6205 127.8037 495.2811)(299.4834 129.8747 528.2355)(361.6205 192.8633 495.281)(299.4834 190.8755 528.2354)
(362.3911 127.759 494.615)(300.2344 129.8671 528.1058)(362.3911 192.9062 494.615)(300.2344 190.8828 528.1058)
(363.6376 127.6857 493.5259)(301.4487 129.8539 527.8815)(363.6376 192.9766 493.5259)(301.4486 190.8955 527.8815)
(364.5989 127.6282 492.6763)(302.3846 129.8429 527.6963)(364.5989 193.0317 492.6763)(302.3846 190.906 527.6963)
(365.8493 127.5524 491.5585)(303.6013 129.8277 527.4393)(365.8492 193.1046 491.5585)(303.6013 190.9205 527.4393)
(367.1096 127.4745 490.4174)(304.827 129.8113 527.1619)(367.1096 193.1793 490.4174)(304.827 190.9363 527.1619)
(368.2051 127.4058 489.4142)(305.8917 129.7962 526.9061)(368.2051 193.2452 489.4142)(305.8917 190.9508 526.9061)
(369.2923 127.3366 488.408)(306.9479 129.7803 526.6385)(369.2923 193.3117 488.408)(306.9478 190.966 526.6385)
(370.1556 127.2809 487.6016)(307.7861 129.7672 526.4165)(370.1556 193.3651 487.6016)(307.7861 190.9787 526.4164)
(370.8744 127.2341 486.9253)(308.4838 129.7558 526.2252)(370.8743 193.41 486.9253)(308.4838 190.9896 526.2252)
(371.6329 127.1842 486.2067)(309.2198 129.7435 526.0169)(371.6329 193.458 486.2067)(309.2198 191.0015 526.0169)
(372.3083 127.1393 485.5627)(309.8749 129.7321 525.826)(372.3083 193.501 485.5627)(309.8749 191.0123 525.826)
(372.984 127.0941 484.9145)(310.5302 129.7204 525.6298)(372.984 193.5444 484.9145)(310.5302 191.0236 525.6298)
(373.5092 127.0586 484.408)(311.0393 129.7112 525.4738)(373.5092 193.5785 484.408)(311.0393 191.0325 525.4738)
(374.2645 127.0072 483.6754)(311.7715 129.6974 525.244)(374.2645 193.6278 483.6754)(311.7715 191.0456 525.2439)
(374.9386 126.9609 483.0176)(312.4246 129.6849 525.0334)(374.9386 193.6723 483.0176)(312.4246 191.0577 525.0334)
(375.6406 126.9123 482.3286)(313.1044 129.6715 524.8088)(375.6406 193.7189 482.3286)(313.1044 191.0705 524.8088)
(376.3651 126.8617 481.6131)(313.8061 129.6573 524.5712)(376.3651 193.7675 481.6131)(313.8061 191.0842 524.5712)
(377.1882 126.8036 480.7951)(314.6028 129.6408 524.2943)(377.1882 193.8233 480.7951)(314.6028 191.1 524.2943)
(377.9276 126.7509 480.0555)(315.3183 129.6255 524.039)(377.9276 193.8739 480.0555)(315.3183 191.1147 524.039)
(378.5351 126.7073 479.4445)(315.906 129.6127 523.8248)(378.5351 193.9157 479.4445)(315.906 191.127 523.8247)
(379.0522 126.6698 478.9221)(316.4061 129.6015 523.6392)(379.0522 193.9516 478.9221)(316.4061 191.1377 523.6392)
(379.6604 126.6255 478.3049)(316.9942 129.5882 523.4172)(379.6604 193.9942 478.3049)(316.9942 191.1505 523.4172)
(380.2639 126.5813 477.6895)(317.5776 129.5747 523.1929)(380.2639 194.0367 477.6895)(317.5776 191.1634 523.1929)
(380.8536 126.5377 477.0854)(318.1476 129.5613 522.9698)(380.8536 194.0785 477.0854)(318.1476 191.1763 522.9698)
(381.5768 126.4838 476.3408)(318.8464 129.5446 522.6911)(381.5768 194.1302 476.3408)(318.8464 191.1924 522.6911)
(382.1027 126.4444 475.7969)(319.3544 129.5322 522.4849)(382.1027 194.1681 475.7969)(319.3544 191.2043 522.4849)
(382.73 126.3969 475.1452)(319.9603 129.5171 522.235)(382.73 194.2136 475.1452)(319.9603 191.2187 522.235)
(383.5277 126.3362 474.312)(320.7305 129.4975 521.9109)(383.5277 194.2719 474.312)(320.7305 191.2375 521.9109)
(384.2982 126.2769 473.5025)(321.4742 129.4783 521.5915)(384.2982 194.3288 473.5025)(321.4742 191.256 521.5915)
(384.9823 126.2238 472.78)(322.1345 129.4608 521.3024)(384.9823 194.3797 472.78)(322.1345 191.2728 521.3024)
(385.6525 126.1715 472.0689)(322.781 129.4433 521.0145)(385.6525 194.43 472.0689)(322.781 191.2895 521.0145)
(386.6319 126.0941 471.0234)(323.7257 129.4173 520.5849)(386.6319 194.5042 471.0234)(323.7257 191.3145 520.5849)
(387.7964 126.0011 469.7712)(324.8483 129.3855 520.061)(387.7964 194.5935 469.7712)(324.8483 191.345 520.061)
(388.8693 125.9143 468.6085)(325.8824 129.3553 519.5654)(388.8693 194.6769 468.6085)(325.8824 191.374 519.5654)
(389.7555 125.8417 467.6418)(326.7362 129.3298 519.147)(389.7555 194.7465 467.6418)(326.7362 191.3985 519.147)
(390.5283 125.7779 466.7942)(327.4805 129.3071 518.7753)(390.5283 194.8078 466.7942)(327.4805 191.4202 518.7753)
(391.6325 125.6857 465.5758)(328.5438 129.274 518.2335)(391.6325 194.8963 465.5757)(328.5438 191.4521 518.2335)
(392.5651 125.607 464.5399)(329.4415 129.2454 517.766)(392.5651 194.9718 464.5399)(329.4415 191.4796 517.766)
(393.1986 125.553 463.8328)(330.0512 129.2256 517.4433)(393.1986 195.0236 463.8328)(330.0511 191.4986 517.4433)
(394.0652 125.4786 462.8611)(330.8849 129.198 516.9951)(394.0652 195.0951 462.8611)(330.8849 191.525 516.9951)
(394.9243 125.4041 461.8925)(331.7114 129.1702 516.5432)(394.9243 195.1665 461.8924)(331.7114 191.5517 516.5432)
(395.9938 125.3104 460.6798)(332.7398 129.1348 515.97)(395.9938 195.2565 460.6798)(332.7398 191.5856 515.97)
(396.9614 125.2247 459.576)(333.6701 129.1022 515.4414)(396.9614 195.3388 459.576)(333.6701 191.617 515.4414)
(397.6872 125.1598 458.744)(334.3677 129.0772 515.0387)(397.6872 195.401 458.744)(334.3677 191.6409 515.0387)
(398.5799 125.0793 457.7157)(335.2256 129.046 514.536)(398.5799 195.4783 457.7157)(335.2256 191.6709 514.536)
(399.6861 124.9785 456.4345)(336.2883 129.0066 513.902)(399.6861 195.5751 456.4344)(336.2883 191.7087 513.902)
(400.4441 124.9087 455.5518)(337.0164 128.9791 513.4605)(400.4441 195.6421 455.5518)(337.0164 191.7351 513.4605)
(401.535 124.8073 454.2752)(338.0641 128.9388 512.8151)(401.535 195.7395 454.2752)(338.064 191.7738 512.8151)
(402.3463 124.7311 453.3209)(338.843 128.9083 512.3275)(402.3463 195.8126 453.3209)(338.843 191.8031 512.3275)
(403.2181 124.6485 452.2909)(339.6798 128.875 511.7962)(403.2181 195.8919 452.2909)(339.6798 191.8351 511.7962)
(404.2371 124.551 451.0811)(340.6578 128.8353 511.1658)(404.237 195.9854 451.0811)(340.6578 191.8731 511.1658)
(404.9689 124.4803 450.2081)(341.3601 128.8064 510.7068)(404.9689 196.0533 450.2081)(341.3601 191.9008 510.7068)
(405.8492 124.3946 449.1538)(342.2047 128.7711 510.1477)(405.8492 196.1356 449.1538)(342.2047 191.9347 510.1477)
(406.9395 124.2873 447.8416)(343.2505 128.7267 509.4449)(406.9395 196.2385 447.8416)(343.2505 191.9774 509.4449)
(407.7741 124.2044 446.8323)(344.0511 128.6921 508.8992)(407.7741 196.3181 446.8323)(344.0511 192.0106 508.8992)
(408.6998 124.1116 445.7082)(344.9388 128.6531 508.2861)(408.6998 196.4072 445.7082)(344.9388 192.048 508.2861)
(409.6037 124.0201 444.6056)(345.8056 128.6145 507.6795)(409.6037 196.495 444.6056)(345.8056 192.0851 507.6795)
(410.6187 123.9164 443.362)(346.7787 128.5704 506.9892)(410.6187 196.5946 443.362)(346.7787 192.1274 506.9892)
(411.489 123.8266 442.2909)(347.6131 128.532 506.3894)(411.489 196.6808 442.2909)(347.6131 192.1643 506.3894)
(412.6248 123.7082 440.887)(348.7018 128.481 505.5962)(412.6248 196.7944 440.887)(348.7018 192.2132 505.5962)
(413.702 123.5947 439.5488)(349.7342 128.4318 504.8327)(413.702 196.9034 439.5488)(349.7342 192.2604 504.8327)
(414.4756 123.5124 438.5837)(350.4757 128.396 504.2777)(414.4757 196.9823 438.5837)(350.4757 192.2948 504.2777)
(415.3928 123.414 437.4356)(351.3546 128.3529 503.6127)(415.3928 197.0768 437.4356)(351.3546 192.3362 503.6127)
(416.2673 123.3193 436.3365)(352.1927 128.3113 502.9712)(416.2673 197.1677 436.3365)(352.1927 192.3761 502.9712)
(417.1047 123.2279 435.2805)(352.9951 128.2709 502.3505)(417.1047 197.2554 435.2805)(352.9951 192.4149 502.3505)
(418.0137 123.1278 434.13)(353.866 128.2265 501.6696)(418.0137 197.3515 434.13)(353.866 192.4575 501.6696)
(418.9415 123.0247 432.9512)(354.755 128.1805 500.9667)(418.9415 197.4505 432.9512)(354.755 192.5016 500.9667)
(419.6989 122.9398 431.9857)(355.4807 128.1425 500.3872)(419.6989 197.5319 431.9857)(355.4807 192.5381 500.3872)
(421.0066 122.7917 430.312)(356.7336 128.0759 499.3746)(421.0066 197.674 430.312)(356.7336 192.6021 499.3746)
(422.0818 122.6686 428.9294)(357.7639 128.0201 498.5305)(422.0818 197.7922 428.9294)(357.7639 192.6556 498.5305)
(423.0143 122.5607 427.7259)(358.6573 127.9711 497.7903)(423.0142 197.8958 427.7259)(358.6573 192.7027 497.7903)
(423.7523 122.4747 426.7704)(359.3646 127.9318 497.199)(423.7523 197.9784 426.7704)(359.3646 192.7404 497.199)
(424.4247 122.3957 425.8974)(360.009 127.8957 496.6561)(424.4247 198.0542 425.8974)(360.009 192.7751 496.6561)
(425.3716 122.2836 424.6647)(360.9163 127.8442 495.8849)(425.3716 198.1617 424.6647)(360.9163 192.8245 495.8849)
(426.0641 122.201 423.7604)(361.58 127.8061 495.316)(426.0641 198.241 423.7604)(361.58 192.861 495.316)
(427.1152 122.0746 422.3837)(362.5875 127.7476 494.4445)(427.1152 198.3624 422.3837)(362.5874 192.9172 494.4445)
(428.3336 121.9263 420.7815)(363.7554 127.6787 493.4223)(428.3336 198.5047 420.7815)(363.7554 192.9833 493.4223)
(429.1751 121.823 419.671)(364.5621 127.6305 492.7089)(429.1751 198.6039 419.671)(364.5621 193.0296 492.7089)
(430.2428 121.6906 418.2576)(365.5858 127.5685 491.7951)(430.2428 198.731 418.2576)(365.5858 193.0891 491.7951)
(431.3534 121.5514 416.7821)(366.6509 127.503 490.8344)(431.3534 198.8646 416.782)(366.6509 193.1519 490.8344)
(432.602 121.3932 415.1169)(367.8485 127.4283 489.7419)(432.602 199.0165 415.1169)(367.8485 193.2236 489.7419)
(433.4646 121.2827 413.9625)(368.6761 127.376 488.9796)(433.4646 199.1225 413.9625)(368.6761 193.2739 488.9796)
(434.1542 121.1938 413.0375)(369.3378 127.3337 488.3657)(434.1542 199.2078 413.0375)(369.3378 193.3145 488.3657)
(434.9302 121.093 411.9944)(370.0825 127.2857 487.6702)(434.9301 199.3046 411.9944)(370.0825 193.3605 487.6702)
(435.8838 120.9681 410.709)(370.9979 127.226 486.8087)(435.8838 199.4245 410.709)(370.9978 193.4178 486.8087)
(436.8386 120.8419 409.4183)(371.9146 127.1655 485.9386)(436.8386 199.5456 409.4183)(371.9146 193.4759 485.9386)
(437.9962 120.6873 407.8485)(373.0264 127.0912 484.8737)(437.9962 199.694 407.8484)(373.0264 193.5472 484.8737)
(439.071 120.5423 406.3862)(374.059 127.0213 483.8752)(439.071 199.8332 406.3862)(374.059 193.6143 483.8752)
(439.9591 120.4213 405.1747)(374.9124 126.9627 483.0432)(439.9591 199.9493 405.1747)(374.9124 193.6705 483.0432)
(440.7939 120.3066 404.0331)(375.7149 126.9071 482.2553)(440.7939 200.0594 404.0331)(375.7149 193.7239 482.2553)
(442.0448 120.1331 402.3176)(376.9179 126.8227 481.0644)(442.0448 200.2259 402.3176)(376.9179 193.8049 481.0644)
(444.1545 119.8357 399.4109)(378.9481 126.6774 479.0274)(444.1545 200.5114 399.4109)(378.9481 193.9444 479.0274)
(445.0168 119.7124 398.2183)(379.7784 126.6169 478.1849)(445.0168 200.6297 398.2183)(379.7783 194.0025 478.1848)
(445.9273 119.5811 396.9561)(380.6554 126.5524 477.2888)(445.9273 200.7557 396.9561)(380.6554 194.0644 477.2888)
(446.7517 119.4613 395.8106)(381.4499 126.4933 476.4719)(446.7517 200.8708 395.8106)(381.4498 194.1211 476.4719)
(447.5159 119.3493 394.7469)(382.1865 126.438 475.7099)(447.5158 200.9782 394.7469)(382.1865 194.1741 475.7099)
(448.2678 119.2384 393.6981)(382.9117 126.3832 474.9558)(448.2678 201.0847 393.6981)(382.9117 194.2268 474.9558)
(448.907 119.1434 392.805)(383.5284 126.3361 474.3112)(448.907 201.1758 392.805)(383.5284 194.272 474.3112)
