(348.5401 22.68076 118.8661)(533.7239 53.00565 152.2438)(348.5401 293.7651 118.8661)(533.7239 264.6579 152.2438)
(348.5401 22.68076 118.8661)(533.7239 53.00565 152.2438)(348.5401 293.7651 118.8661)(533.7239 264.6579 152.2438)
(344.6463 22.50338 118.7139)(532.4098 52.43987 151.4503)(344.6464 293.9354 118.7139)(532.4099 265.201 151.4503)
(340.7352 22.33721 118.5716)(531.0562 51.8742 150.6653)(340.7352 294.0949 118.5716)(531.0562 265.7439 150.6653)
(274.0421 21.28043 117.6748)(502.4108 42.58739 138.849)(274.0421 295.1092 117.6748)(502.4108 274.6578 138.849)
(264.9701 21.39033 117.7674)(497.622 41.37237 137.4387)(264.9701 295.0038 117.7674)(497.622 275.8241 137.4387)
(260.284 21.4709 117.8354)(495.0548 40.74925 136.7265)(260.284 294.9264 117.8354)(495.0548 276.4222 136.7265)
(256.0855 21.55694 117.9081)(492.6989 40.19359 136.0977)(256.0855 294.8438 117.9081)(492.6989 276.9555 136.0977)
(253.0239 21.62797 117.9682)(490.947 39.78999 135.6445)(253.0239 294.7756 117.9682)(490.947 277.3429 135.6445)
(250.4532 21.69304 118.0233)(489.4535 39.45215 135.2675)(250.4532 294.7132 118.0233)(489.4535 277.6672 135.2675)
(247.7385 21.76716 118.0862)(487.8538 39.09646 134.8728)(247.7386 294.642 118.0862)(487.8538 278.0086 134.8728)
(244.9172 21.85006 118.1565)(486.1662 38.72795 134.4663)(244.9173 294.5625 118.1565)(486.1662 278.3623 134.4663)
(242.5164 21.92541 118.2205)(484.7098 38.41529 134.1233)(242.5164 294.4901 118.2205)(484.7098 278.6624 134.1233)
(240.0335 22.00792 118.2907)(483.1837 38.0929 133.7715)(240.0335 294.4109 118.2907)(483.1837 278.9719 133.7715)
(237.3734 22.10155 118.3704)(481.5257 37.74855 133.3978)(237.3734 294.3211 118.3704)(481.5258 279.3024 133.3978)
(234.4428 22.21101 118.4638)(479.6714 37.37048 132.9898)(234.4428 294.216 118.4638)(479.6714 279.6653 132.9898)
(230.4938 22.36904 118.5988)(477.1257 36.86322 132.4464)(230.4938 294.0643 118.5988)(477.1257 280.1522 132.4464)
(227.8205 22.48292 118.6963)(475.3712 36.52132 132.0826)(227.8205 293.955 118.6963)(475.3712 280.4803 132.0826)
(225.1471 22.60243 118.7988)(473.591 36.18059 131.7221)(225.1471 293.8403 118.7988)(473.591 280.8074 131.7221)
(222.3333 22.73431 118.9122)(471.6891 35.8233 131.3461)(222.3333 293.7137 118.9122)(471.6891 281.1503 131.3461)
(218.9643 22.90053 119.0553)(469.3732 35.3974 130.9007)(218.9643 293.5542 119.0553)(469.3732 281.5591 130.9007)
(216.695 23.01764 119.1563)(467.789 35.11168 130.6036)(216.695 293.4418 119.1563)(467.789 281.8333 130.6036)
(214.1914 23.1517 119.2722)(466.0182 34.79757 130.2785)(214.1914 293.3131 119.2722)(466.0182 282.1349 130.2785)
(211.3749 23.30864 119.4081)(463.9967 34.44563 129.9163)(211.3749 293.1624 119.4081)(463.9967 282.4727 129.9163)
(208.8228 23.45644 119.5365)(462.1377 34.12808 129.5911)(208.8229 293.0206 119.5365)(462.1378 282.7775 129.5911)
(206.3497 23.60489 119.6656)(460.311 33.82163 129.2788)(206.3497 292.8781 119.6656)(460.311 283.0716 129.2788)
(204.3092 23.73119 119.7757)(458.7848 33.5697 129.0233)(204.3092 292.7569 119.7757)(458.7849 283.3134 129.0233)
(201.8659 23.88706 119.9119)(456.9344 33.26923 128.7197)(201.8659 292.6073 119.9119)(456.9344 283.6018 128.7197)
(199.2463 24.05986 120.0632)(454.9223 32.94854 128.3974)(199.2464 292.4414 120.0632)(454.9223 283.9096 128.3974)
(196.7175 24.23225 120.2145)(452.9516 32.64042 128.0892)(196.7175 292.276 120.2145)(452.9516 284.2054 128.0892)
(193.9538 24.427 120.386)(450.7654 32.30536 127.7557)(193.9538 292.089 120.386)(450.7654 284.527 127.7557)
(191.5858 24.59922 120.538)(448.8649 32.01972 127.4727)(191.5858 291.9237 120.538)(448.8649 284.8011 127.4727)
(189.1438 24.78203 120.6997)(446.8781 31.72659 127.1837)(189.1438 291.7482 120.6997)(446.8781 285.0825 127.1837)
(185.582 25.0583 120.945)(443.9301 31.30179 126.7671)(185.582 291.483 120.945)(443.9301 285.4903 126.7671)
(182.8811 25.27548 121.1386)(441.6539 30.98187 126.4552)(182.8811 291.2746 121.1386)(441.6539 285.7973 126.4552)
(180.0269 25.51235 121.3503)(439.2097 30.64598 126.1294)(180.0269 291.0472 121.3503)(439.2097 286.1197 126.1294)
(177.3791 25.7389 121.5536)(436.9057 30.33645 125.8306)(177.3791 290.8298 121.5536)(436.9058 286.4168 125.8306)
(174.1837 26.02118 121.8078)(434.0773 29.96569 125.4745)(174.1838 290.5588 121.8078)(434.0773 286.7727 125.4745)
(170.8513 26.32609 122.0836)(431.0702 29.58238 125.1086)(170.8514 290.2662 122.0836)(431.0702 287.1406 125.1086)
(167.9683 26.5987 122.3312)(428.4201 29.25364 124.7964)(167.9683 290.0045 122.3312)(428.4201 287.4562 124.7964)
(165.3571 26.85281 122.5629)(425.9802 28.95834 124.5173)(165.3571 289.7606 122.5629)(425.9802 287.7396 124.5173)
(162.1048 27.17899 122.8617)(422.8869 28.59391 124.1746)(162.1048 289.4475 122.8617)(422.8869 288.0894 124.1746)
(158.9919 27.50148 123.1585)(419.8684 28.24869 123.8517)(158.9919 289.138 123.1585)(419.8684 288.4208 123.8517)
(156.6416 27.75174 123.3898)(417.5508 27.99057 123.6113)(156.6416 288.8978 123.3898)(417.5508 288.6685 123.6113)
(153.7044 28.07288 123.6879)(414.6068 27.67108 123.3151)(153.7044 288.5895 123.6879)(414.6068 288.9752 123.3151)
(149.0784 28.5979 124.1783)(409.8591 27.1753 122.8583)(149.0784 288.0856 124.1783)(409.8591 289.4511 122.8583)
(146.033 28.95677 124.5158)(406.6569 26.85417 122.5642)(146.0331 287.7411 124.5158)(406.657 289.7593 122.5642)
(143.4571 29.26869 124.8107)(403.8992 26.58599 122.3196)(143.4571 287.4417 124.8107)(403.8993 290.0167 122.3196)
(140.809 29.59757 125.123)(401.016 26.31377 122.0724)(140.809 287.126 125.123)(401.016 290.278 122.0724)
(138.3545 29.90995 125.4212)(398.2988 26.06465 121.847)(138.3545 286.8262 125.4212)(398.2988 290.5171 121.847)
(135.5849 30.27142 125.768)(395.1795 25.78755 121.5973)(135.5849 286.4793 125.768)(395.1795 290.7831 121.5973)
(133.1527 30.59683 126.0818)(392.3923 25.54777 121.3821)(133.1527 286.1669 126.0818)(392.3924 291.0132 121.3821)
(130.9274 30.90128 126.3769)(389.802 25.3315 121.1886)(130.9274 285.8747 126.3769)(389.8021 291.2208 121.1885)
(128.5862 31.22861 126.6957)(387.0344 25.10728 120.9886)(128.5863 285.5605 126.6957)(387.0344 291.436 120.9886)
(125.936 31.60808 127.0672)(383.8471 24.85777 120.7669)(125.936 285.1963 127.0672)(383.8472 291.6755 120.7668)
(123.121 32.0218 127.4748)(380.3969 24.59796 120.5368)(123.1211 284.7992 127.4748)(380.3969 291.9249 120.5368)
(120.6914 32.38798 127.8377)(377.3636 24.37829 120.343)(120.6914 284.4477 127.8377)(377.3636 292.1357 120.343)
(118.4531 32.7329 128.1815)(374.5223 24.17984 120.1685)(118.4531 284.1166 128.1815)(374.5223 292.3262 120.1685)
(115.7468 33.16001 128.6098)(371.0253 23.9452 119.9628)(115.7469 283.7067 128.6097)(371.0254 292.5515 119.9627)
(112.6603 33.66091 129.1157)(366.9515 23.68502 119.7355)(112.6603 283.2259 129.1157)(366.9515 292.8012 119.7355)
(109.5889 34.17447 129.6385)(362.804 23.43452 119.5174)(109.5889 282.7329 129.6385)(362.804 293.0416 119.5174)
(107.4169 34.54704 130.0204)(359.8125 23.26267 119.3683)(107.4169 282.3753 130.0204)(359.8125 293.2066 119.3683)
(104.0791 35.13534 130.6282)(355.117 23.00782 119.1478)(104.0791 281.8106 130.6282)(355.117 293.4512 119.1478)
(101.5607 35.59227 131.1041)(351.4925 22.82326 118.9887)(101.5607 281.3721 131.1041)(351.4925 293.6283 118.9887)
(99.3464 36.0037 131.5356)(348.245 22.66689 118.8542)(99.34641 280.9771 131.5356)(348.245 293.7784 118.8542)
(96.96269 36.45699 132.0144)(344.6838 22.50503 118.7153)(96.96271 280.5421 132.0144)(344.6838 293.9338 118.7153)
(94.83379 36.87124 132.455)(341.4439 22.36647 118.5966)(94.83379 280.1444 132.455)(341.4439 294.0668 118.5966)
(92.63026 37.30972 132.9245)(338.0295 22.22927 118.4794)(92.63026 279.7236 132.9245)(338.0295 294.1985 118.4794)
(90.76862 37.68809 133.3324)(335.0948 22.11859 118.385)(90.7686 279.3604 133.3324)(335.0948 294.3047 118.385)
(88.98522 38.05759 133.7331)(332.2391 22.01727 118.2987)(88.98524 279.0057 133.7331)(332.2391 294.402 118.2987)
(87.0955 38.45686 134.1688)(329.1643 21.91512 118.2118)(87.09552 278.6225 134.1688)(329.1643 294.5 118.2118)
(85.15778 38.87479 134.628)(325.9576 21.81631 118.1279)(85.15778 278.2213 134.628)(325.9576 294.5949 118.1278)
(83.33308 39.27652 135.0723)(322.8864 21.72894 118.0537)(83.33309 277.8358 135.0723)(322.8864 294.6787 118.0537)
(80.71792 39.8666 135.7303)(318.3943 21.61393 117.9563)(80.71794 277.2694 135.7303)(318.3943 294.7891 117.9563)
(78.56866 40.36477 136.2908)(314.6192 21.52899 117.8845)(78.56868 276.7912 136.2908)(314.6192 294.8706 117.8845)
(76.61867 40.82752 136.8156)(311.1263 21.45985 117.8261)(76.61868 276.347 136.8156)(311.1263 294.937 117.8261)
(74.37232 41.37381 137.4404)(307.0193 21.39017 117.7673)(74.37232 275.8227 137.4404)(307.0193 295.0039 117.7673)
(72.69456 41.79149 137.9219)(303.8912 21.34544 117.7296)(72.69455 275.4218 137.9219)(303.8912 295.0468 117.7296)
(70.62539 42.31846 138.5343)(299.9588 21.29948 117.6908)(70.62539 274.916 138.5343)(299.9588 295.0909 117.6908)
(68.52885 42.86635 139.1768)(295.887 21.26385 117.6608)(68.52888 274.3901 139.1768)(295.8871 295.1252 117.6608)
(66.53256 43.40179 139.8105)(291.9241 21.24089 117.6415)(66.53258 273.8761 139.8105)(291.9241 295.1472 117.6415)
(64.84876 43.86432 140.3626)(288.5134 21.23033 117.6326)(64.84876 273.4322 140.3626)(288.5134 295.1573 117.6326)
(63.31631 44.29435 140.8798)(285.3528 21.22817 117.6308)(63.31631 273.0194 140.8798)(285.3528 295.1594 117.6308)
(61.61682 44.78186 141.4708)(281.7819 21.23455 117.6362)(61.61681 272.5515 141.4707)(281.782 295.1533 117.6361)
(58.39086 45.73967 142.6464)(274.8031 21.27398 117.6694)(58.39088 271.6321 142.6464)(274.8031 295.1154 117.6694)
(55.41237 46.66491 143.8007)(268.1079 21.34545 117.7296)(55.41235 270.744 143.8007)(268.1079 295.0468 117.7296)
(54.02823 47.10929 144.3618)(264.9083 21.39131 117.7682)(54.02824 270.3175 144.3618)(264.9083 295.0028 117.7682)
(52.68234 47.5508 144.9236)(261.7398 21.44413 117.8128)(52.68236 269.8937 144.9236)(261.7398 294.9521 117.8128)
(51.52315 47.9388 145.421)(258.9638 21.49655 117.8571)(51.52313 269.5213 145.4209)(258.9639 294.9018 117.8571)
(50.19516 48.3925 146.0069)(255.7279 21.56487 117.9148)(50.19516 269.0858 146.0069)(255.7279 294.8362 117.9148)
(49.08672 48.77909 146.5099)(252.9793 21.62906 117.9691)(49.08673 268.7148 146.5099)(252.9793 294.7746 117.9691)
(48.042 49.15033 146.9961)(250.3473 21.69584 118.0257)(48.04201 268.3584 146.9961)(250.3473 294.7105 118.0257)
(46.6899 49.64119 147.6441)(246.8788 21.7918 118.1071)(46.68992 267.8873 147.6441)(246.8788 294.6184 118.107)
(45.19645 50.1977 148.3856)(242.962 21.91109 118.2084)(45.19647 267.3531 148.3856)(242.962 294.5039 118.2084)
(43.66956 50.78325 149.174)(238.8588 22.0486 118.3253)(43.66958 266.791 149.174)(238.8589 294.3719 118.3253)
(42.10758 51.40095 150.0147)(234.5511 22.20685 118.4603)(42.10758 266.1982 150.0147)(234.5512 294.22 118.4603)
(40.79006 51.93765 150.7529)(230.8253 22.35531 118.5871)(40.79006 265.683 150.7529)(230.8253 294.0775 118.5871)
(39.17099 52.61852 151.7)(226.1223 22.55819 118.7609)(39.17101 265.0295 151.7)(226.1223 293.8828 118.7609)
(38.02505 53.11571 152.3991)(222.7047 22.71655 118.8969)(38.02503 264.5523 152.3991)(222.7047 293.7308 118.8969)
(36.34831 53.86805 153.4693)(217.5607 22.9725 119.1174)(36.34828 263.8301 153.4693)(217.5607 293.4851 119.1173)
(34.1495 54.90424 154.9682)(210.5309 23.35692 119.45)(34.1495 262.8356 154.9682)(210.5309 293.1161 119.45)
(32.64151 55.65152 156.0675)(205.5014 23.65696 119.711)(32.64153 262.1183 156.0675)(205.5014 292.8281 119.711)
(31.27678 56.35695 157.1196)(200.7858 23.9576 119.9736)(31.27678 261.4412 157.1196)(200.7858 292.5396 119.9736)
(30.43129 56.80925 157.8016)(197.7789 24.1592 120.1504)(30.43131 261.007 157.8016)(197.779 292.3461 120.1504)
(29.46544 57.34158 158.612)(194.2569 24.40534 120.3669)(29.46543 260.4961 158.612)(194.257 292.1098 120.3668)
(28.78964 57.7247 159.2004)(191.7337 24.58833 120.5283)(28.78965 260.1284 159.2004)(191.7337 291.9341 120.5283)
(28.13251 58.10626 159.7908)(189.2304 24.77546 120.6939)(28.13253 259.7621 159.7908)(189.2304 291.7545 120.6939)
(27.04749 58.75748 160.8085)(184.9807 25.10607 120.9875)(27.04751 259.1371 160.8085)(184.9807 291.4372 120.9875)
(26.23838 59.26189 161.6058)(181.7091 25.37183 121.2246)(26.23838 258.6529 161.6058)(181.7092 291.1821 121.2246)
(25.61775 59.66072 162.2418)(179.135 25.58792 121.4181)(25.61771 258.2701 162.2418)(179.135 290.9747 121.4181)
(25.06579 60.02483 162.8269)(176.7948 25.78978 121.5993)(25.06579 257.9206 162.8268)(176.7948 290.7809 121.5993)
(24.04616 60.72304 163.9606)(172.3341 26.18909 121.9595)(24.04614 257.2504 163.9606)(172.3341 290.3976 121.9595)
(23.01344 61.46837 165.1884)(167.6122 26.63297 122.3624)(23.0134 256.535 165.1884)(167.6122 289.9716 122.3624)
(22.17867 62.10319 166.2487)(163.6236 27.02535 122.7208)(22.17868 255.9257 166.2487)(163.6235 289.595 122.7207)
(21.61624 62.54948 167.0024)(160.8379 27.30902 122.9812)(21.61627 255.4973 167.0024)(160.8379 289.3227 122.9812)
(20.92262 63.12334 167.9815)(157.2794 27.68326 123.3264)(20.92265 254.9465 167.9815)(157.2795 288.9635 123.3264)
(19.87651 64.04575 169.5797)(151.6149 28.30707 123.9062)(19.87651 254.0611 169.5797)(151.615 288.3647 123.9062)
(19.34066 64.54962 170.4656)(148.5506 28.65937 124.236)(19.34066 253.5775 170.4656)(148.5506 288.0266 124.236)
(18.87823 65.00459 171.2735)(145.8019 28.98443 124.5419)(18.87823 253.1408 171.2735)(145.8019 287.7145 124.5419)
(18.23212 65.67661 172.481)(141.7746 29.4767 125.008)(18.2321 252.4957 172.481)(141.7746 287.2421 125.008)
(17.52644 66.46905 173.9268)(137.0766 30.07556 125.5799)(17.52642 251.7351 173.9268)(137.0766 286.6673 125.5798)
(17.13787 66.93736 174.7928)(134.3269 30.43881 125.9293)(17.13787 251.2856 174.7928)(134.3269 286.3186 125.9292)
(16.78952 67.3805 175.6201)(131.7434 30.7889 126.2678)(16.78952 250.8603 175.6201)(131.7435 285.9826 126.2678)
(16.30174 68.04568 176.8769)(127.9002 31.32591 126.7907)(16.30169 250.2218 176.8769)(127.9002 285.4671 126.7907)
(15.94464 68.57345 177.8869)(124.8808 31.76188 127.2184)(15.94464 249.7152 177.8869)(124.8808 285.0486 127.2184)
(15.49317 69.30499 179.306)(120.7406 32.38045 127.8303)(15.49314 249.0131 179.306)(120.7406 284.455 127.8303)
(15.19108 69.84707 180.3724)(117.7071 32.84954 128.2982)(15.19108 248.4927 180.3724)(117.7071 284.0046 128.2982)
(14.9104 70.40196 181.4771)(114.6327 33.33908 128.7902)(14.9104 247.9601 181.4771)(114.6328 283.5348 128.7902)
(14.58668 71.1277 182.9426)(110.6601 33.99361 129.4539)(14.58668 247.2635 182.9426)(110.6601 282.9066 129.4539)
(14.39813 71.61167 183.9331)(108.0419 34.43903 129.9095)(14.39813 246.799 183.9331)(108.0419 282.479 129.9095)
(14.25761 72.01485 184.7664)(105.8801 34.8155 130.2971)(14.25757 246.412 184.7664)(105.88 282.1176 130.2971)
(14.12277 72.4505 185.6755)(103.5641 35.22786 130.7243)(14.12277 245.9939 185.6755)(103.5641 281.7219 130.7242)
(14.0195 72.8306 186.4759)(101.5606 35.5923 131.1042)(14.0195 245.629 186.4759)(101.5606 281.372 131.1042)
(13.93293 73.19518 187.2502)(99.65409 35.94596 131.4749)(13.93293 245.2791 187.2502)(99.65411 281.0326 131.4749)
(13.84967 73.6087 188.1362)(97.51013 36.35192 131.9031)(13.84967 244.8822 188.1362)(97.51012 280.6429 131.9031)
(13.78045 74.03473 189.0579)(95.32192 36.77548 132.3528)(13.78041 244.4733 189.0579)(95.32194 280.2364 132.3528)
(13.73059 74.43546 189.9331)(93.28292 37.1788 132.784)(13.73059 244.0886 189.9331)(93.28294 279.8492 132.784)
(13.69448 74.85136 190.85)(91.18685 37.60246 133.2398)(13.69446 243.6894 190.85)(91.18685 279.4426 133.2398)
(13.6744 75.2654 191.7717)(89.12081 38.02927 133.7023)(13.67438 243.292 191.7717)(89.12078 279.0329 133.7023)
(13.66968 75.57275 192.4617)(87.60048 38.34937 134.0512)(13.66968 242.9969 192.4617)(87.6005 278.7257 134.0512)
(13.67414 75.89577 193.1921)(86.01534 38.68876 134.4232)(13.67414 242.6869 193.1921)(86.0153 278.3999 134.4232)
(13.6863 76.18534 193.8517)(84.60526 38.99559 134.7613)(13.68626 242.409 193.8517)(84.60526 278.1054 134.7613)
(13.70805 76.49731 194.5674)(83.09781 39.3289 135.1304)(13.70805 242.1095 194.5674)(83.09781 277.7855 135.1304)
(13.73456 76.77116 195.2)(81.78474 39.62383 135.4588)(13.73456 241.8467 195.2)(81.78472 277.5024 135.4588)
(13.77562 77.10087 195.9671)(80.21655 39.98174 135.8594)(13.77562 241.5302 195.9671)(80.21657 277.1588 135.8594)
(14.0325 78.3896 199.0242)(74.22256 41.41076 137.4828)(14.03249 240.2932 199.0242)(74.22256 275.7872 137.4828)
(14.35769 79.44607 201.6024)(69.47449 42.61744 138.8842)(14.35767 239.2792 201.6024)(69.47449 274.629 138.8842)
(14.6938 80.29435 203.7214)(65.77358 43.60902 140.0573)(14.69379 238.465 203.7214)(65.77358 273.6772 140.0573)
(14.89486 80.73505 204.84)(63.8911 44.13204 140.6841)(14.89486 238.042 204.84)(63.89109 273.1752 140.6841)
(15.11797 81.18318 205.99)(62.00546 44.66936 141.334)(15.11797 237.6118 205.99)(62.00546 272.6595 141.334)
(15.36419 81.63905 207.1733)(60.11732 45.22161 142.0081)(15.36414 237.1743 207.1733)(60.11729 272.1294 142.0081)
(15.60917 82.06048 208.2793)(58.39909 45.73716 142.6433)(15.60914 236.7698 208.2793)(58.39913 271.6345 142.6433)
(15.80722 82.38173 209.1304)(57.10724 46.13343 143.1354)(15.80722 236.4614 209.1304)(57.10721 271.2542 143.1353)
(16.1167 82.85521 210.3975)(55.2314 46.72246 143.8731)(16.1167 236.0069 210.3975)(55.2314 270.6888 143.8731)
(16.35213 83.19526 211.3171)(53.90539 47.14921 144.4124)(16.35213 235.6805 211.3171)(53.90535 270.2792 144.4124)
(16.59358 83.52852 212.2261)(52.62324 47.57042 144.9487)(16.59355 235.3607 212.2261)(52.62324 269.8749 144.9487)
(16.82917 83.84063 213.0845)(51.43805 47.96758 145.458)(16.82917 235.0611 213.0845)(51.43807 269.4937 145.458)
(17.15804 84.25701 214.2406)(49.88088 48.50137 146.1482)(17.15801 234.6614 214.2406)(49.88088 268.9813 146.1482)
(17.46707 84.63042 215.2882)(48.50785 48.98395 146.7778)(17.46703 234.303 215.2882)(48.50785 268.5181 146.7778)
(17.80448 85.02076 216.3942)(47.09662 49.49232 147.447)(17.80444 233.9283 216.3942)(47.09659 268.0302 147.4469)
(18.12888 85.38103 217.4252)(45.81601 49.96495 148.0746)(18.12888 233.5825 217.4252)(45.81599 267.5765 148.0746)
(19.40967 86.68606 221.2434)(41.35725 51.70478 150.4317)(19.40967 232.3299 221.2434)(41.35725 265.9066 150.4317)
(20.18525 87.40376 223.4009)(39.02816 52.67983 151.7859)(20.18522 231.641 223.4009)(39.02811 264.9706 151.7858)
(21.58167 88.59195 227.0669)(35.36951 54.32196 154.1223)(21.58167 230.5005 227.0669)(35.36951 263.3944 154.1223)
(22.05547 88.96983 228.2581)(34.25863 54.85139 154.8911)(22.05547 230.1378 228.2581)(34.25861 262.8863 154.891)
(22.52851 89.33611 229.4247)(33.20657 55.36778 155.6482)(22.52847 229.7863 229.4247)(33.20655 262.3906 155.6482)
(22.99997 89.69112 230.5669)(32.21022 55.87133 156.3938)(22.99994 229.4455 230.5669)(32.21022 261.9073 156.3938)
(23.42134 90.00043 231.5714)(31.36113 56.31251 157.0529)(23.42134 229.1486 231.5714)(31.36113 261.4838 157.0529)
(23.78341 90.26062 232.4231)(30.66074 56.68534 157.6142)(23.78336 228.8989 232.4231)(30.66074 261.126 157.6142)
(24.11883 90.49733 233.2035)(30.03447 57.0259 158.1304)(24.11883 228.6717 233.2035)(30.03444 260.7991 158.1304)
(24.60387 90.83259 234.3177)(29.16561 57.51045 158.8708)(24.60387 228.3499 234.3177)(29.16561 260.334 158.8708)
(25.05708 91.13876 235.3447)(28.39079 57.95522 159.5565)(25.05706 228.056 235.3447)(28.39079 259.9071 159.5565)
(25.44089 91.39307 236.2044)(27.76091 58.32624 160.1331)(25.44089 227.8119 236.2044)(27.76091 259.551 160.1331)
(25.80908 91.63285 237.021)(27.17841 58.67744 160.6828)(25.80907 227.5818 237.021)(27.17839 259.2139 160.6827)
(26.22743 91.9006 237.9394)(26.5412 59.07111 161.3033)(26.2274 227.3248 237.9394)(26.5412 258.836 161.3033)
(26.639 92.15939 238.8338)(25.93869 59.45314 161.9102)(26.63894 227.0764 238.8338)(25.93867 258.4693 161.9102)
(26.95162 92.35305 239.5077)(25.49636 59.74003 162.3689)(26.95162 226.8905 239.5077)(25.49636 258.1939 162.3689)
(27.3587 92.60157 240.3779)(24.93966 60.10933 162.9632)(27.3587 226.6519 240.3779)(24.93969 257.8395 162.9632)
(27.77477 92.85146 241.2593)(24.39238 60.48206 163.5675)(27.77477 226.4121 241.2593)(24.39238 257.4817 163.5675)
(28.17298 93.08691 242.0957)(23.88813 60.8345 164.143)(28.17293 226.1861 242.0957)(23.8881 257.1434 164.143)
(28.55744 93.31094 242.897)(23.4187 61.17097 164.6963)(28.55737 225.9711 242.897)(23.4187 256.8205 164.6963)
(28.96195 93.5433 243.7337)(22.94252 61.52107 165.2759)(28.96195 225.748 243.7337)(22.94252 256.4844 165.2759)
(29.32968 93.75163 244.4888)(22.52499 61.83596 165.8007)(29.32967 225.5481 244.4888)(22.52499 256.1822 165.8007)
(29.82118 94.02592 245.49)(21.98907 62.25195 166.4992)(29.82118 225.2848 245.49)(21.98907 255.7829 166.4992)
(30.25462 94.26407 246.3661)(21.53615 62.61441 167.1126)(30.2546 225.0562 246.3661)(21.53615 255.435 167.1126)
(30.7166 94.51418 247.2929)(21.07326 62.99636 167.7639)(30.71659 224.8161 247.2929)(21.07326 255.0684 167.7639)
(31.11917 94.72908 248.0947)(20.68607 63.32557 168.3293)(31.11917 224.6098 248.0947)(20.68604 254.7524 168.3293)
(31.50723 94.93365 248.863)(20.3264 63.63986 168.8727)(31.50723 224.4135 248.863)(20.3264 254.4507 168.8727)
(31.90626 95.14146 249.6483)(19.97027 63.96001 169.4298)(31.90626 224.214 249.6483)(19.97025 254.1434 169.4298)
(32.41758 95.40409 250.6478)(19.53329 64.36586 170.1414)(32.41758 223.9619 250.6478)(19.53327 253.7539 170.1414)
(32.81179 95.60388 251.4135)(19.21066 64.67554 170.6884)(32.81176 223.7702 251.4135)(19.21066 253.4566 170.6884)
(33.21768 95.80719 252.1976)(18.89127 64.99152 171.2502)(33.21764 223.575 252.1976)(18.89125 253.1534 171.2502)
(33.58821 95.99073 252.9096)(18.61063 65.27746 171.7617)(33.58819 223.3989 252.9096)(18.61057 252.8789 171.7617)
(34.04563 96.21472 253.784)(18.27804 65.62736 172.3919)(34.04563 223.1839 253.784)(18.27802 252.543 172.3919)
(34.56916 96.46763 254.7787)(17.91571 66.02361 173.1111)(34.56914 222.9411 254.7787)(17.91567 252.1627 173.1111)
(34.96889 96.65837 255.5339)(17.65174 66.32325 173.659)(34.96886 222.758 255.5339)(17.65174 251.8751 173.659)
(35.40676 96.86496 256.3571)(17.37498 66.64866 174.2579)(35.40676 222.5597 256.3571)(17.37496 251.5627 174.2579)
(35.86592 97.07911 257.2159)(17.0981 66.98681 174.8847)(35.8659 222.3542 257.2159)(17.09807 251.2382 174.8847)
(36.32641 97.29137 258.0728)(16.83374 67.32281 175.512)(36.32641 222.1505 258.0728)(16.83374 250.9156 175.512)
(36.79777 97.50607 258.9456)(16.57676 67.66363 176.1529)(36.79776 221.9444 258.9456)(16.57679 250.5885 176.1529)
(37.19338 97.68439 259.6748)(16.37119 67.94731 176.6899)(37.19338 221.7732 259.6748)(16.37119 250.3162 176.6899)
(37.63258 97.88033 260.481)(16.15367 68.25975 177.2852)(37.63258 221.5851 260.4809)(16.15367 250.0163 177.2852)
(38.08475 98.07996 261.3073)(15.94113 68.5788 177.8971)(38.08475 221.3935 261.3073)(15.94108 249.7101 177.8971)
(38.49568 98.2595 262.0551)(15.75775 68.86636 178.4524)(38.49566 221.2212 262.0551)(15.75775 249.4341 178.4524)
(38.98969 98.47308 262.9503)(15.54942 69.20925 179.119)(38.98969 221.0162 262.9503)(15.54942 249.1049 179.119)
(39.44349 98.66719 263.7691)(15.36919 69.52161 179.7306)(39.44347 220.8299 263.7691)(15.36917 248.8051 179.7306)
(39.99627 98.90099 264.7622)(15.16374 69.89871 180.4746)(39.99627 220.6055 264.7622)(15.1637 248.4432 180.4746)
(40.41477 99.0761 265.5109)(15.01829 70.18181 181.0372)(40.41474 220.4374 265.5109)(15.01828 248.1715 181.0372)
(40.87339 99.26616 266.3283)(14.86866 70.48969 181.653)(40.87334 220.255 266.3283)(14.86866 247.8759 181.653)
(41.4678 99.50974 267.3833)(14.68937 70.88524 182.4503)(41.46778 220.0211 267.3833)(14.68937 247.4963 182.4503)
(41.95583 99.70744 268.2457)(14.55429 71.20702 183.1042)(41.95581 219.8314 268.2457)(14.55429 247.1874 183.1042)
(42.3726 99.8747 268.9798)(14.44731 71.47982 183.6622)(42.3726 219.6709 268.9798)(14.44731 246.9255 183.6622)
(42.89172 100.081 269.8907)(14.32476 71.817 184.3566)(42.89172 219.4728 269.8907)(14.32476 246.6019 184.3566)
(43.3883 100.2764 270.759)(14.21811 72.13692 185.0203)(43.38827 219.2853 270.759)(14.21811 246.2948 185.0203)
(43.98101 100.507 271.7914)(14.10415 72.51551 185.8119)(43.98096 219.0639 271.7914)(14.10415 245.9314 185.8119)
(44.59308 100.7424 272.8532)(14.00134 72.90281 186.6288)(44.59308 218.838 272.8532)(14.00132 245.5597 186.6288)
(45.10341 100.9366 273.735)(13.92688 73.22292 187.3094)(45.10339 218.6516 273.735)(13.92685 245.2525 187.3093)
(45.60012 101.1237 274.5906)(13.86394 73.53208 187.9714)(45.60009 218.472 274.5906)(13.86394 244.9557 187.9714)
(46.43529 101.4345 276.0233)(13.77867 74.04681 189.0842)(46.43527 218.1737 276.0233)(13.77864 244.4616 189.0842)
(46.95464 101.6253 276.9104)(13.73848 74.36365 189.7756)(46.95462 217.9906 276.9104)(13.73848 244.1575 189.7756)
(47.4977 101.823 277.8352)(13.70638 74.69242 190.4986)(47.49768 217.8008 277.8352)(13.70638 243.8419 190.4986)
(48.05666 102.0244 278.784)(13.68396 75.0281 191.2424)(48.05662 217.6075 278.784)(13.68396 243.5198 191.2424)
(48.6442 102.2339 279.7782)(13.67165 75.37808 192.0241)(48.6442 217.4064 279.7782)(13.67165 243.1838 192.0241)
(49.13506 102.4073 280.6064)(13.67 75.66825 192.677)(49.13506 217.2399 280.6064)(13.67 242.9053 192.677)
(49.65581 102.5897 281.4826)(13.67665 75.9739 193.3697)(49.65579 217.0648 281.4826)(13.67665 242.6119 193.3697)
(50.32338 102.8212 282.6023)(13.69757 76.36249 194.2575)(50.32337 216.8427 282.6023)(13.69755 242.239 194.2575)
(51.13987 103.1007 283.9667)(13.7415 76.83297 195.3433)(51.13985 216.5744 283.9667)(13.7415 241.7874 195.3433)
(51.84779 103.34 285.1453)(13.79552 77.2367 196.2849)(51.84774 216.3447 285.1453)(13.79548 241.3999 196.2849)
(52.41866 103.531 286.0929)(13.84954 77.55949 197.0442)(52.41866 216.1614 286.0929)(13.84954 241.09 197.0442)
(53.03613 103.7356 287.1151)(13.91812 77.90591 197.8657)(53.03613 215.965 287.1151)(13.91812 240.7575 197.8657)
(53.86021 104.0055 288.4749)(14.02587 78.3639 198.9623)(53.86021 215.7059 288.4749)(14.02584 240.3179 198.9623)
(54.44503 104.195 289.4368)(14.11331 78.68593 199.7407)(54.44501 215.5241 289.4368)(14.11331 240.0088 199.7407)
(55.05901 104.392 290.4442)(14.21458 79.02145 200.5582)(55.05897 215.335 290.4442)(14.21456 239.6868 200.5582)
(55.72806 104.6046 291.5391)(14.33578 79.38409 201.4493)(55.72805 215.1309 291.5391)(14.33578 239.3387 201.4493)
(56.44638 104.8304 292.7114)(14.47816 79.77008 202.4066)(56.44638 214.9141 292.7114)(14.47814 238.9682 202.4065)
(56.9598 104.9904 293.5471)(14.58757 80.04381 203.0909)(56.95979 214.7606 293.5471)(14.58755 238.7055 203.0909)
(57.5415 105.1701 294.4921)(14.71902 80.35187 203.8667)(57.54146 214.5881 294.4921)(14.71902 238.4098 203.8667)
(58.24305 105.3848 295.6291)(14.88797 80.7205 204.8028)(58.24303 214.382 295.6291)(14.88797 238.0559 204.8028)
(58.98629 105.6099 296.8305)(15.07908 81.10762 205.7952)(58.98629 214.166 296.8304)(15.07905 237.6844 205.7952)
(59.72756 105.832 298.0255)(15.2817 81.49023 206.7855)(59.72756 213.9528 298.0255)(15.2817 237.3171 206.7855)
(60.3545 106.018 299.0337)(15.46231 81.81122 207.6237)(60.35446 213.7742 299.0337)(15.4623 237.009 207.6237)
(61.04411 106.2207 300.1403)(15.67042 82.16155 208.5463)(61.0441 213.5797 300.1403)(15.67042 236.6727 208.5463)
(61.92547 106.477 301.551)(15.95059 82.60516 209.7264)(61.92546 213.3337 301.551)(15.95059 236.2469 209.7264)
(62.63403 106.6807 302.6821)(16.18708 82.9585 210.676)(62.63401 213.1381 302.6821)(16.18708 235.9078 210.676)
(63.40172 106.8993 303.9048)(16.45431 83.33808 211.7057)(63.40172 212.9283 303.9048)(16.45429 235.5435 211.7057)
(64.26514 107.1424 305.2766)(16.76821 83.76105 212.865)(64.26514 212.695 305.2766)(16.76821 235.1375 212.865)
(65.00756 107.3492 306.4532)(17.04909 84.12141 213.8628)(65.00754 212.4965 306.4532)(17.04909 234.7916 213.8628)
(65.64413 107.5249 307.4602)(17.29782 84.42801 214.7191)(65.6441 212.3279 307.4602)(17.29782 234.4973 214.7191)
(66.27322 107.6971 308.4534)(17.55077 84.72886 215.5661)(66.27322 212.1626 308.4534)(17.55077 234.2085 215.5661)
(66.92699 107.8745 309.4838)(17.82083 85.03931 216.447)(66.92699 211.9922 309.4838)(17.82083 233.9106 216.447)
(67.67714 108.0763 310.6638)(18.13957 85.39272 217.4588)(67.67712 211.7986 310.6638)(18.13957 233.5713 217.4588)
(68.58821 108.3188 312.0936)(18.53935 85.81807 218.6891)(68.5882 211.5658 312.0936)(18.53935 233.1631 218.6891)
(69.29443 108.5048 313.1997)(18.85839 86.14488 219.6439)(69.29442 211.3873 313.1996)(18.85839 232.8493 219.6439)
(70.07478 108.7085 314.4194)(19.22007 86.5031 220.7001)(70.07472 211.1918 314.4194)(19.22007 232.5055 220.7001)
(70.74653 108.8822 315.4676)(19.53904 86.80908 221.6103)(70.74653 211.025 315.4675)(19.53904 232.2118 221.6103)
(71.47549 109.0691 316.6029)(19.89285 87.13862 222.599)(71.47549 210.8456 316.6028)(19.89285 231.8955 222.599)
(72.12085 109.2332 317.6063)(20.21258 87.42824 223.4753)(72.1208 210.6882 317.6063)(20.21258 231.6175 223.4753)
(72.83384 109.4129 318.7132)(20.57293 87.74593 224.4445)(72.83382 210.5156 318.7132)(20.5729 231.3126 224.4444)
(74.13165 109.7362 320.723)(21.24729 88.31811 226.2113)(74.13164 210.2053 320.723)(21.24726 230.7634 226.2113)
(75.10965 109.9765 322.2336)(21.77077 88.74419 227.5453)(75.10963 209.9747 322.2336)(21.77077 230.3544 227.5452)
(76.10282 110.2178 323.7642)(22.31549 89.17249 228.9021)(76.10281 209.7431 323.7642)(22.31549 229.9433 228.9021)
(76.91893 110.4139 325.0193)(22.7726 89.52113 230.0186)(76.91888 209.5549 325.0193)(22.7726 229.6087 230.0186)
(77.94982 110.6589 326.6016)(23.36215 89.95743 231.4312)(77.94982 209.3196 326.6016)(23.36217 229.1899 231.4312)
(78.80135 110.8592 327.9059)(23.85903 90.31438 232.5999)(78.80135 209.1275 327.9059)(23.85905 228.8473 232.5999)
(79.61723 111.0492 329.1535)(24.34336 90.65351 233.7213)(79.61723 208.945 329.1535)(24.34334 228.5218 233.7212)
(80.47002 111.246 330.4551)(24.85792 91.005 234.8949)(80.47001 208.7562 330.455)(24.85788 228.1844 234.8949)
(81.21426 111.4162 331.5892)(25.31377 91.30933 235.9206)(81.21426 208.5928 331.5892)(25.31375 227.8923 235.9206)
(82.07184 111.6105 332.8939)(25.84684 91.65721 237.1042)(82.07182 208.4063 332.8939)(25.84682 227.5584 237.1042)
(82.83026 111.7808 334.0458)(26.32504 91.96239 238.1524)(82.83022 208.2428 334.0458)(26.32501 227.2654 238.1524)
(83.61558 111.9557 335.2368)(26.82679 92.27602 239.2392)(83.61556 208.075 335.2368)(26.82679 226.9644 239.2392)
(84.31172 112.1094 336.291)(27.27698 92.55199 240.2038)(84.31171 207.9274 336.2909)(27.27696 226.6995 240.2038)
(85.80565 112.4354 338.5482)(28.26004 93.13795 242.2778)(85.80563 207.6145 338.5482)(28.26004 226.1371 242.2778)
(88.44408 112.9983 342.5188)(30.05026 94.15222 245.9539)(88.44407 207.0742 342.5188)(30.05027 225.1635 245.9539)
(89.84715 113.2913 344.6221)(31.02906 94.6812 247.9157)(89.84713 206.793 344.6221)(31.02901 224.6558 247.9156)
(91.18772 113.5672 346.6264)(31.98084 95.18002 249.7945)(91.18772 206.5282 346.6264)(31.98082 224.177 249.7945)
(92.14513 113.7618 348.0548)(32.67015 95.53238 251.139)(92.14513 206.3413 348.0548)(32.67017 223.8388 251.139)
(93.66292 114.0665 350.3139)(33.77893 96.0845 253.2749)(93.6629 206.049 350.3138)(33.77893 223.3089 253.2749)
(94.91375 114.3139 352.1707)(34.70697 96.53362 255.0394)(94.91375 205.8114 352.1707)(34.7069 222.8778 255.0394)
(96.03345 114.5327 353.8292)(35.5482 96.93119 256.622)(96.03342 205.6014 353.8292)(35.54818 222.4962 256.622)
(97.32346 114.7818 355.7356)(36.5294 97.38412 258.4492)(97.32342 205.3624 355.7356)(36.52938 222.0614 258.4492)
(98.26347 114.9612 357.1218)(37.25226 97.71076 259.7831)(98.26346 205.1902 357.1218)(37.25224 221.7479 259.783)
(99.07764 115.1152 358.3205)(37.88361 97.99139 260.9401)(99.07764 205.0423 358.3205)(37.88359 221.4785 260.9401)
(99.87062 115.264 359.4862)(38.50301 98.2627 262.0685)(99.87061 204.8995 359.4862)(38.50303 221.2181 262.0685)
(100.7745 115.4321 360.8128)(39.2145 98.56952 263.3564)(100.7745 204.7381 360.8128)(39.2145 220.9236 263.3564)
(101.5927 115.583 362.0116)(39.86341 98.84506 264.5239)(101.5927 204.5933 362.0116)(39.86337 220.6591 264.5239)
(102.6077 115.7685 363.4962)(40.67464 99.18403 265.9745)(102.6077 204.4152 363.4962)(40.67465 220.3338 265.9745)
(103.3504 115.9031 364.5805)(41.27254 99.43005 267.0373)(103.3504 204.2861 364.5805)(41.27254 220.0977 267.0373)
(104.3346 116.0798 366.0153)(42.07042 99.75356 268.4478)(104.3346 204.1164 366.0153)(42.07044 219.7871 268.4478)
(105.2887 116.2495 367.4034)(42.84967 100.0644 269.8171)(105.2887 203.9535 367.4034)(42.84967 219.4888 269.8171)
(106.0458 116.3831 368.5029)(43.47195 100.3091 270.905)(106.0458 203.8254 368.5029)(43.47192 219.2539 270.905)
(106.8186 116.5184 369.6237)(44.11082 100.5572 272.017)(106.8186 203.6955 369.6237)(44.11082 219.0158 272.017)
(107.6748 116.667 370.8634)(44.82278 100.83 273.2505)(107.6748 203.5528 370.8633)(44.82277 218.7539 273.2505)
(108.371 116.787 371.8698)(45.40482 101.0503 274.2546)(108.371 203.4376 371.8698)(45.40482 218.5424 274.2546)
(109.4592 116.9729 373.4401)(46.32015 101.3919 275.8262)(109.4592 203.2592 373.4401)(46.32015 218.2146 275.8262)
(110.5471 117.1568 375.0064)(47.24184 101.7301 277.3999)(110.5471 203.0827 375.0064)(47.24184 217.89 277.3999)
(111.4602 117.3097 376.3185)(48.02047 102.0114 278.7227)(111.4602 202.9359 376.3185)(48.02043 217.62 278.7227)
(112.1843 117.4299 377.357)(48.64097 102.2328 279.7728)(112.1843 202.8205 377.357)(48.64097 217.4074 279.7728)
(112.9811 117.5613 378.498)(49.32714 102.4748 280.9297)(112.9811 202.6945 378.498)(49.32713 217.1752 280.9297)
(114.0234 117.7316 379.9877)(50.22942 102.7887 282.4449)(114.0234 202.531 379.9877)(50.2294 216.8738 282.4449)
(114.8889 117.8717 381.2222)(50.98283 103.0472 283.7048)(114.8888 202.3965 381.2221)(50.98281 216.6257 283.7047)
(115.7816 118.015 382.4929)(51.7638 103.3118 285.0057)(115.7815 202.259 382.4929)(51.76376 216.3718 285.0057)
(116.4715 118.1249 383.4735)(52.37006 103.5148 286.0124)(116.4715 202.1535 383.4735)(52.37006 216.1769 286.0124)
(117.2658 118.2505 384.6002)(53.0707 103.747 287.1722)(117.2658 202.0329 384.6002)(53.0707 215.954 287.1722)
(118.0642 118.3758 385.731)(53.77798 103.9788 288.3394)(118.0642 201.9126 385.731)(53.77796 215.7316 288.3393)
(118.8162 118.493 386.7941)(54.44675 104.1955 289.4397)(118.8162 201.8002 386.7941)(54.44671 215.5235 289.4397)
(119.5798 118.6111 387.8717)(55.12851 104.4142 290.5581)(119.5798 201.6868 387.8717)(55.12851 215.3137 290.558)
(120.4439 118.7437 389.0889)(55.90305 104.6598 291.825)(120.4439 201.5596 389.0889)(55.90303 215.0779 291.825)
(121.9058 118.9655 391.1425)(57.22064 105.0712 293.9712)(121.9058 201.3466 391.1425)(57.22064 214.6831 293.9712)
(123.1987 119.1592 392.9527)(58.39335 105.4305 295.8723)(123.1987 201.1608 392.9527)(58.39333 214.3381 295.8723)
(124.1054 119.2935 394.2188)(59.2198 105.6801 297.2072)(124.1054 201.0318 394.2188)(59.2198 214.0986 297.2072)
(125.0164 119.4274 395.488)(60.05347 105.9289 298.5499)(125.0164 200.9033 395.488)(60.05347 213.8598 298.5499)
(125.8851 119.5539 396.6956)(60.85136 106.1643 299.8313)(125.8851 200.7818 396.6956)(60.85135 213.6338 299.8313)
(126.7912 119.6848 397.9522)(61.6866 106.4078 301.1691)(126.7912 200.6562 397.9522)(61.6866 213.4001 301.1691)
(127.8471 119.8359 399.4131)(62.66383 106.6893 302.7296)(127.8471 200.5112 399.4131)(62.66381 213.1299 302.7296)
(128.6676 119.9523 400.5454)(63.42599 106.9062 303.9434)(128.6676 200.3995 400.5454)(63.42599 212.9218 303.9434)
(129.4755 120.066 401.6579)(64.17873 107.1182 305.1394)(129.4755 200.2903 401.6579)(64.17872 212.7182 305.1394)
(130.2724 120.1773 402.753)(64.92345 107.3259 306.3201)(130.2724 200.1835 402.753)(64.92343 212.5189 306.3201)
(131.013 120.28 403.7686)(65.61753 107.5176 307.4181)(131.013 200.0849 403.7686)(65.61752 212.3349 307.4181)
(131.7307 120.3788 404.7507)(66.29192 107.7022 308.4828)(131.7307 199.9901 404.7507)(66.29191 212.1577 308.4828)
(132.3015 120.4569 405.5304)(66.82929 107.8481 309.33)(132.3014 199.9151 405.5304)(66.82932 212.0176 309.3299)
(133.0256 120.5554 406.5178)(67.51274 108.0323 310.4054)(133.0256 199.8206 406.5178)(67.51274 211.8408 310.4054)
(133.8514 120.6668 407.6413)(68.29414 108.2408 311.6325)(133.8514 199.7136 407.6413)(68.29412 211.6407 311.6325)
(134.5983 120.7669 408.6552)(69.00278 108.4282 312.7432)(134.5983 199.6176 408.6552)(69.00276 211.4608 312.7432)
(135.2992 120.8601 409.6046)(69.66923 108.6029 313.7858)(135.2992 199.5281 409.6046)(69.66921 211.2931 313.7858)
(135.9225 120.9426 410.4472)(70.26315 108.7573 314.7135)(135.9224 199.449 410.4472)(70.26315 211.1449 314.7135)
(136.6086 121.0327 411.3731)(70.9183 108.9264 315.7353)(136.6086 199.3624 411.3731)(70.91833 210.9826 315.7353)
(137.2687 121.1189 412.2618)(71.54988 109.0881 316.7186)(137.2687 199.2797 412.2618)(71.54987 210.8274 316.7186)
(138.1092 121.2278 413.391)(72.35586 109.2926 317.9713)(138.1092 199.1752 413.391)(72.35583 210.6311 317.9713)
(138.9897 121.341 414.5708)(73.20231 109.5052 319.2844)(138.9897 199.0665 414.5708)(73.20231 210.427 319.2844)
(139.9395 121.462 415.8399)(74.11784 109.7328 320.7016)(139.9395 198.9504 415.8398)(74.11784 210.2086 320.7016)
(140.6101 121.5468 416.7335)(74.76565 109.8923 321.7026)(140.6101 198.869 416.7335)(74.76566 210.0555 321.7026)
(141.3343 121.6377 417.6963)(75.46658 110.0636 322.784)(141.3343 198.7817 417.6963)(75.4666 209.8911 322.784)
(142.0627 121.7286 418.6624)(76.1729 110.2347 323.872)(142.0626 198.6945 418.6624)(76.1729 209.7269 323.872)
(143.0639 121.8524 419.9867)(77.14606 110.4681 325.3682)(143.0639 198.5757 419.9867)(77.14604 209.5028 325.3682)
(144.0221 121.9698 421.2498)(78.0797 110.6896 326.8007)(144.0221 198.463 421.2498)(78.0797 209.2902 326.8007)
(144.9104 122.0777 422.4171)(78.94724 110.8933 328.1291)(144.9104 198.3595 422.4171)(78.94724 209.0947 328.1291)
(145.8702 122.1931 423.6744)(79.88664 111.1116 329.5649)(145.8702 198.2486 423.6744)(79.88664 208.8852 329.5649)
(146.7485 122.2979 424.8211)(80.74821 111.3098 330.8792)(146.7485 198.148 424.8211)(80.74823 208.695 330.8792)
(147.9539 122.4402 426.3891)(81.93346 111.5792 332.6835)(147.9539 198.0114 426.3891)(81.93343 208.4363 332.6835)
(148.7653 122.5351 427.4407)(82.73306 111.759 333.8983)(148.7653 197.9204 427.4407)(82.73302 208.2637 333.8982)
(150.1586 122.6962 429.2389)(84.10929 112.0648 335.9845)(150.1586 197.7657 429.2389)(84.10929 207.9702 335.9845)
(150.9906 122.7914 430.3083)(84.93311 112.2456 337.2306)(150.9906 197.6743 430.3083)(84.93311 207.7967 337.2306)
(151.8541 122.8894 431.4145)(85.78955 112.4319 338.5239)(151.8541 197.5803 431.4145)(85.78955 207.6179 338.5239)
(153.176 123.0378 433.1006)(87.10338 112.7143 340.5037)(153.176 197.4379 433.1006)(87.10336 207.3468 340.5037)
(154.4941 123.1838 434.7732)(88.41689 112.9926 342.478)(154.4941 197.2977 434.7732)(88.41686 207.0797 342.478)
(155.8377 123.3307 436.4687)(89.75896 113.273 344.4901)(155.8377 197.1567 436.4687)(89.75896 206.8105 344.4901)
(156.7553 123.4299 437.6212)(90.67744 113.4626 345.8641)(156.7553 197.0615 437.6212)(90.67744 206.6285 345.8641)
(159.1152 123.6809 440.5644)(93.04607 113.9432 349.3965)(159.1152 196.8206 440.5644)(93.04607 206.1673 349.3965)
(161.1599 123.8936 443.0898)(95.10561 114.3516 352.4551)(161.1599 196.6164 443.0898)(95.1056 205.7753 352.4551)
(162.2089 124.001 444.3764)(96.16467 114.5582 354.0234)(162.2089 196.5133 444.3764)(96.16467 205.5769 354.0233)
(163.1319 124.0946 445.5032)(97.09794 114.7385 355.4027)(163.1319 196.4235 445.5032)(97.09792 205.4039 355.4027)
(164.1064 124.1924 446.6873)(98.0845 114.9271 356.8581)(164.1064 196.3296 446.6873)(98.08447 205.2228 356.8581)
(164.8755 124.269 447.6182)(98.86414 115.0749 358.0064)(164.8755 196.2561 447.6182)(98.86412 205.081 358.0064)
(165.651 124.3455 448.5531)(99.65099 115.2229 359.1636)(165.651 196.1826 448.5531)(99.65099 204.939 359.1636)
(166.3578 124.4148 449.4021)(100.369 115.3569 360.2178)(166.3578 196.1161 449.4021)(100.3689 204.8104 360.2178)
(167.0407 124.4812 450.2195)(101.0631 115.4855 361.2359)(167.0407 196.0524 450.2195)(101.0631 204.6869 361.2359)
(167.7735 124.552 451.0936)(101.8089 115.6227 362.328)(167.7735 195.9845 451.0936)(101.8088 204.5552 362.3279)
(168.3907 124.6112 451.8272)(102.4374 115.7375 363.2472)(168.3907 195.9277 451.8272)(102.4374 204.445 363.2472)
(169.022 124.6713 452.5751)(103.0807 115.8543 364.187)(169.022 195.8699 452.5751)(103.0807 204.3329 364.187)
(169.627 124.7285 453.2895)(103.6977 115.9656 365.0871)(169.627 195.815 453.2895)(103.6977 204.2261 365.0871)
(170.2806 124.79 454.0587)(104.3648 116.0852 366.0591)(170.2806 195.756 454.0587)(104.3648 204.1113 366.0591)
(170.8604 124.8441 454.7389)(104.9569 116.1907 366.9209)(170.8604 195.704 454.7389)(104.9569 204.01 366.9209)
(171.6636 124.9186 455.6775)(105.7778 116.3359 368.1139)(171.6636 195.6326 455.6775)(105.7778 203.8706 368.1139)
(172.5271 124.998 456.682)(106.6612 116.4909 369.3955)(172.5271 195.5564 456.682)(106.6612 203.7219 369.3955)
(173.3188 125.0701 457.5988)(107.4718 116.6319 370.5697)(173.3188 195.4871 457.5988)(107.4718 203.5865 370.5696)
(174.0741 125.1384 458.4695)(108.2457 116.7655 371.6889)(174.0741 195.4216 458.4695)(108.2457 203.4583 371.6889)
(175.144 125.2341 459.6965)(109.343 116.9532 373.2725)(175.144 195.3298 459.6965)(109.343 203.2782 373.2725)
(176.1667 125.3245 460.8623)(110.3929 117.1309 374.7846)(176.1667 195.2429 460.8623)(110.3929 203.1076 374.7846)
(176.974 125.3952 461.7774)(111.2224 117.27 375.9769)(176.974 195.1751 461.7774)(111.2224 202.974 375.9769)
(177.7985 125.4668 462.7077)(112.0702 117.411 377.1934)(177.7985 195.1064 462.7077)(112.0702 202.8387 377.1934)
(178.5355 125.5303 463.5351)(112.8285 117.5362 378.2796)(178.5355 195.0455 463.5351)(112.8285 202.7186 378.2796)
(179.32 125.5972 464.4118)(113.6362 117.6685 379.4347)(179.32 194.9812 464.4118)(113.6362 202.5915 379.4347)
(180.3532 125.6845 465.5598)(114.7007 117.8413 380.9539)(180.3532 194.8974 465.5598)(114.7007 202.4257 380.9539)
(183.0684 125.9092 468.5406)(117.5024 118.2877 384.9355)(183.0684 194.6818 468.5406)(117.5024 201.9972 384.9355)
(183.853 125.9728 469.392)(118.3129 118.4146 386.0828)(183.8529 194.6207 469.392)(118.3129 201.8754 386.0828)
(185.1204 126.0745 470.7578)(119.6233 118.6178 387.933)(185.1204 194.5231 470.7578)(119.6233 201.6804 387.933)
(186.0963 126.1517 471.8014)(120.633 118.7725 389.3549)(186.0963 194.449 471.8014)(120.633 201.5318 389.3549)
(187.3639 126.2507 473.1461)(121.9454 118.9715 391.1979)(187.3639 194.3539 473.1461)(121.9454 201.3409 391.1979)
(188.6395 126.349 474.4869)(123.267 119.1693 393.0481)(188.6395 194.2597 474.4869)(123.267 201.151 393.048)
(189.7463 126.433 475.6403)(124.4145 119.3391 394.6497)(189.7463 194.179 475.6403)(124.4145 200.9881 394.6497)
(190.8432 126.5152 476.7738)(125.5524 119.5056 396.2333)(190.8432 194.1001 476.7738)(125.5524 200.8282 396.2333)
(191.713 126.5796 477.666)(126.4551 119.6364 397.4865)(191.713 194.0383 477.666)(126.4551 200.7027 397.4865)
(192.4364 126.6326 478.4033)(127.2062 119.7444 398.5269)(192.4364 193.9874 478.4033)(127.2062 200.599 398.5269)
(193.1991 126.688 479.1762)(127.9983 119.8574 399.6219)(193.1991 193.9342 479.1762)(127.9983 200.4905 399.6219)
(193.8774 126.7369 479.8597)(128.7032 119.9573 400.5945)(193.8774 193.8873 479.8597)(128.7032 200.3946 400.5945)
(194.5555 126.7854 480.5392)(129.4078 120.0565 401.5648)(194.5555 193.8408 480.5392)(129.4078 200.2994 401.5648)
(195.0821 126.8227 481.0643)(129.9552 120.1331 402.3174)(195.0821 193.8049 481.0643)(129.9552 200.2259 402.3174)
(195.8389 126.876 481.815)(130.7421 120.2425 403.3973)(195.8389 193.7538 481.815)(130.7421 200.1209 403.3973)
(196.5135 126.923 482.4802)(131.4438 120.3394 404.3583)(196.5135 193.7086 482.4802)(131.4438 200.0279 404.3582)
(197.2154 126.9715 483.1682)(132.1739 120.4395 405.3562)(197.2154 193.6621 483.1682)(132.1739 199.9319 405.3562)
(197.9392 127.0211 483.8734)(132.9271 120.542 406.3836)(197.9392 193.6145 483.8734)(132.9271 199.8335 406.3836)
(198.7605 127.0769 484.6683)(133.7819 120.6575 407.5469)(198.7605 193.561 484.6683)(133.7819 199.7226 407.5469)
(199.4975 127.1264 485.3768)(134.5493 120.7603 408.5887)(199.4975 193.5134 485.3767)(134.5493 199.6239 408.5887)
(200.1025 127.1667 485.9548)(135.1792 120.8442 409.4422)(200.1025 193.4748 485.9548)(135.1792 199.5434 409.4422)
(200.6171 127.2007 486.444)(135.7151 120.9152 410.1671)(200.6171 193.4421 486.444)(135.7151 199.4752 410.1671)
(201.2218 127.2404 487.016)(136.345 120.9981 411.0176)(201.2218 193.404 487.016)(136.345 199.3956 411.0176)
(201.8214 127.2794 487.58)(136.9697 121.0799 411.8595)(201.8214 193.3665 487.58)(136.9697 199.3171 411.8595)
(202.4069 127.3173 488.1277)(137.5797 121.1593 412.6801)(202.4069 193.3302 488.1277)(137.5797 199.2409 412.6801)
(203.1242 127.3632 488.7947)(138.3273 121.2559 413.6835)(203.1242 193.2861 488.7946)(138.3273 199.1482 413.6835)
(203.6453 127.3964 489.2763)(138.8704 121.3257 414.4111)(203.6453 193.2543 489.2763)(138.8703 199.0812 414.4111)
(204.2664 127.4355 489.8474)(139.5179 121.4084 415.277)(204.2664 193.2167 489.8474)(139.5178 199.0018 415.277)
(205.0556 127.4848 490.5679)(140.3406 121.5128 416.3746)(205.0556 193.1694 490.5679)(140.3406 198.9016 416.3745)
(205.8171 127.5319 491.2578)(141.1345 121.6127 417.4309)(205.817 193.1242 491.2578)(141.1345 198.8057 417.4309)
(206.4925 127.5732 491.8654)(141.8389 121.7007 418.3659)(206.4925 193.0845 491.8654)(141.8389 198.7212 418.3659)
(207.1535 127.6133 492.456)(142.5282 121.7863 419.2788)(207.1535 193.0461 492.456)(142.5282 198.6391 419.2788)
(208.1185 127.6712 493.3111)(143.5348 121.9102 420.608)(208.1185 192.9905 493.3111)(143.5348 198.5201 420.608)
(209.2641 127.7389 494.3152)(144.7299 122.0558 422.1804)(209.2641 192.9255 494.3152)(144.7299 198.3804 422.1804)
(210.3182 127.8002 495.2283)(145.8298 122.1883 423.6215)(210.3182 192.8667 495.2283)(145.8298 198.2532 423.6215)
(211.1877 127.8501 495.9737)(146.737 122.2965 424.8062)(211.1877 192.8188 495.9737)(146.737 198.1493 424.8062)
(211.9451 127.8931 496.6171)(147.5274 122.39 425.835)(211.9451 192.7775 496.6171)(147.5274 198.0596 425.835)
(213.026 127.9536 497.5261)(148.6552 122.5223 427.2982)(213.0259 192.7195 497.5261)(148.6552 197.9327 427.2982)
(213.9376 128.0038 498.2841)(149.6067 122.6327 428.5277)(213.9376 192.6712 498.2841)(149.6067 197.8267 428.5277)
(214.5563 128.0376 498.7939)(150.2523 122.707 429.3596)(214.5563 192.6389 498.7939)(150.2523 197.7554 429.3596)
(215.4017 128.0831 499.4846)(151.1347 122.8078 430.4931)(215.4017 192.5951 499.4846)(151.1347 197.6586 430.4931)
(216.239 128.1277 500.1619)(152.0085 122.9068 431.6119)(216.239 192.5523 500.1619)(152.0085 197.5636 431.6119)
(217.2799 128.1823 500.9944)(153.0949 123.0287 432.9975)(217.2799 192.4999 500.9944)(153.0949 197.4466 432.9975)
(218.2204 128.2309 501.7374)(154.0765 123.1377 434.2442)(218.2204 192.4533 501.7374)(154.0765 197.3419 434.2442)
(218.9251 128.2669 502.2884)(154.812 123.2187 435.1751)(218.9251 192.4187 502.2884)(154.812 197.2642 435.1751)
(219.7911 128.3105 502.9587)(155.7157 123.3174 436.3151)(219.7911 192.3769 502.9587)(155.7157 197.1694 436.3151)
(220.8627 128.3636 503.7778)(156.834 123.4384 437.7198)(220.8627 192.3259 503.7778)(156.834 197.0534 437.7198)
(221.5963 128.3995 504.3317)(157.5994 123.5204 438.6774)(221.5963 192.2914 504.3317)(157.5994 196.9747 438.6774)
(222.6507 128.4503 505.1186)(158.6996 123.6371 440.0483)(222.6507 192.2427 505.1186)(158.6996 196.8626 440.0483)
(223.434 128.4874 505.6957)(159.5168 123.723 441.0623)(223.4339 192.2071 505.6957)(159.5168 196.7801 441.0623)
(224.2747 128.5268 506.3082)(160.3939 123.8144 442.1465)(224.2747 192.1693 506.3082)(160.3939 196.6924 442.1465)
(225.2563 128.572 507.0142)(161.4178 123.9201 443.4067)(225.2563 192.1259 507.0142)(161.4178 196.591 443.4067)
(225.9605 128.6039 507.5145)(162.1524 123.9953 444.3072)(225.9605 192.0952 507.5145)(162.1524 196.5188 444.3072)
(226.8069 128.6418 508.1089)(163.035 124.0848 445.3851)(226.8069 192.0588 508.1089)(163.035 196.4329 445.3851)
(227.8538 128.6879 508.8339)(164.1267 124.1945 446.7121)(227.8538 192.0146 508.8339)(164.1267 196.3276 446.7121)
(228.6544 128.7226 509.3804)(164.9614 124.2775 447.7219)(228.6544 191.9813 509.3804)(164.9614 196.2479 447.7219)
(229.5414 128.7604 509.9781)(165.8861 124.3686 448.8358)(229.5414 191.945 509.9781)(165.886 196.1605 448.8358)
(230.4067 128.7968 510.5531)(166.788 124.4567 449.9173)(230.4066 191.9101 510.5531)(166.7879 196.0759 449.9173)
(231.3771 128.8368 511.1884)(167.7993 124.5545 451.1242)(231.3771 191.8717 511.1884)(167.7993 195.9821 451.1242)
(232.2085 128.8705 511.7246)(168.6655 124.6374 452.153)(232.2085 191.8394 511.7246)(168.6655 195.9025 452.153)
(233.292 128.9136 512.4124)(169.7943 124.7443 453.4866)(233.292 191.798 512.4124)(169.7943 195.7999 453.4866)
(234.3185 128.9536 513.0521)(170.8633 124.8444 454.7422)(234.3185 191.7596 513.0521)(170.8633 195.7038 454.7422)
(235.055 128.9818 513.5041)(171.6302 124.9155 455.6385)(235.055 191.7325 513.5041)(171.6302 195.6355 455.6385)
(235.9273 129.0147 514.0317)(172.5383 124.999 456.695)(235.9273 191.701 514.0317)(172.5383 195.5554 456.695)
(236.7583 129.0454 514.5264)(173.4033 125.0778 457.6963)(236.7583 191.6714 514.5264)(173.4033 195.4798 457.6963)
(237.5533 129.0744 514.9927)(174.2306 125.1524 458.6494)(237.5533 191.6437 514.9927)(174.2305 195.4081 458.6494)
(238.4154 129.1052 515.4904)(175.1275 125.2326 459.6777)(238.4154 191.6141 515.4904)(175.1275 195.3312 459.6777)
(239.2946 129.136 515.9893)(176.042 125.3136 460.7205)(239.2946 191.5845 515.9893)(176.042 195.2535 460.7205)
(240.0117 129.1608 516.39)(176.7878 125.379 461.5667)(240.0117 191.5608 516.39)(176.7878 195.1907 461.5667)
(241.2486 129.2025 517.0674)(178.0736 125.4906 463.017)(241.2486 191.5207 517.0674)(178.0736 195.0836 463.0169)
(242.2645 129.2359 517.6108)(179.1294 125.581 464.1992)(242.2645 191.4887 517.6108)(179.1294 194.9968 464.1992)
(243.1445 129.2641 518.0721)(180.0437 125.6585 465.2167)(243.1445 191.4615 518.0721)(180.0437 194.9224 465.2167)
(243.8405 129.2861 518.4308)(180.7666 125.7192 466.0171)(243.8405 191.4405 518.4308)(180.7666 194.8642 466.0171)
(244.4743 129.3058 518.7526)(181.4248 125.774 466.7426)(244.4743 191.4216 518.7526)(181.4248 194.8115 466.7426)
(245.366 129.3329 519.1974)(182.3506 125.8505 467.7578)(245.366 191.3955 519.1974)(182.3506 194.7381 467.7578)
(246.0177 129.3524 519.5168)(183.027 125.9058 468.4956)(246.0177 191.3768 519.5168)(183.027 194.685 468.4956)
(247.0062 129.3813 519.9919)(184.0527 125.989 469.608)(247.0062 191.3491 519.9919)(184.0527 194.6052 469.608)
(248.1508 129.4139 520.528)(185.24 126.084 470.8861)(248.1508 191.3178 520.528)(185.24 194.514 470.8861)
(248.9408 129.4357 520.8889)(186.059 126.1488 471.7616)(248.9407 191.2968 520.8889)(186.059 194.4518 471.7616)
(249.9422 129.4628 521.3362)(187.0971 126.23 472.864)(249.9422 191.2708 521.3362)(187.0971 194.3738 472.864)
(250.9829 129.4902 521.7885)(188.1754 126.3134 474.0005)(250.9829 191.2446 521.7885)(188.1754 194.2938 474.0005)
(252.1519 129.5199 522.2815)(189.3862 126.4058 475.266)(252.1519 191.216 522.2815)(189.3862 194.2051 475.266)
(252.9589 129.5398 522.6124)(190.2217 126.4687 476.1326)(252.9589 191.1969 522.6124)(190.2217 194.1447 476.1326)
(253.6037 129.5554 522.8713)(190.889 126.5186 476.8209)(253.6037 191.1819 522.8713)(190.889 194.0969 476.8209)
(254.3288 129.5726 523.1566)(191.6393 126.5741 477.5905)(254.3288 191.1655 523.1566)(191.6393 194.0435 477.5905)
(255.2194 129.5931 523.4983)(192.5606 126.6417 478.5294)(255.2194 191.1458 523.4983)(192.5606 193.9787 478.5294)
(256.1106 129.613 523.8309)(193.482 126.7085 479.4618)(256.1106 191.1267 523.8309)(193.482 193.9146 479.4618)
(257.1903 129.6364 524.2211)(194.598 126.7884 480.5817)(257.1903 191.1042 524.2211)(194.598 193.8379 480.5817)
(258.1922 129.6573 524.5706)(195.633 126.8615 481.6112)(258.1922 191.0842 524.5706)(195.633 193.7677 481.6112)
(259.0194 129.674 524.8501)(196.4873 126.9212 482.4544)(259.0194 191.0682 524.8501)(196.4873 193.7104 482.4544)
(259.7967 129.6892 525.1053)(197.2897 126.9766 483.2408)(259.7967 191.0535 525.1053)(197.2897 193.6572 483.2408)
(260.9607 129.7112 525.4738)(198.4908 127.0586 484.408)(260.9607 191.0325 525.4738)(198.4908 193.5785 484.408)
(262.9222 129.7459 526.0576)(200.5135 127.1939 486.3457)(262.9222 190.9991 526.0576)(200.5135 193.4487 486.3457)
(263.7234 129.7592 526.2826)(201.339 127.2481 487.1265)(263.7234 190.9863 526.2826)(201.339 193.3967 487.1265)
(264.569 129.7728 526.5117)(202.2102 127.3046 487.944)(264.569 190.9733 526.5117)(202.2102 193.3424 487.944)
(265.3344 129.7847 526.7114)(202.9983 127.3552 488.6779)(265.3344 190.9619 526.7114)(202.9983 193.2938 488.6779)
(266.0437 129.7953 526.8901)(203.7283 127.4016 489.3528)(266.0436 190.9517 526.8901)(203.7283 193.2493 489.3528)
(266.7414 129.8053 527.0599)(204.4463 127.4468 490.012)(266.7414 190.9421 527.0599)(204.4463 193.2059 490.012)
(267.3344 129.8136 527.1995)(205.0563 127.4849 490.5684)(267.3344 190.9342 527.1995)(205.0563 193.1694 490.5684)
