(502.5858 108.5362 313.3871)(436.9688 120.8246 409.2419)(502.5858 211.3571 313.3871)(436.9688 199.5622 409.2419)
(502.5858 108.5362 313.3871)(436.9688 120.8246 409.2419)(502.5858 211.3571 313.3871)(436.9688 199.5622 409.2419)
(503.5023 108.2948 311.9518)(437.9338 120.6957 407.9331)(503.5023 211.5888 311.9518)(437.9338 199.6859 407.9331)
(504.4162 108.0513 310.5172)(438.8992 120.5655 406.6203)(504.4162 211.8225 310.5172)(438.8992 199.8108 406.6203)
(519.1832 103.6632 286.7526)(455.0215 118.2052 384.1929)(519.1832 216.0345 286.7526)(455.0215 202.0764 384.1929)
(521.0992 103.0193 283.568)(457.2051 117.8565 381.0883)(521.0992 216.6525 283.568)(457.2051 202.4111 381.0883)
(522.0821 102.6809 281.9227)(458.3357 117.6731 379.4749)(522.0821 216.9773 281.9227)(458.3357 202.5871 379.4749)
(522.9591 102.3742 280.4478)(459.3508 117.5067 378.0231)(522.9591 217.2717 280.4478)(459.3508 202.7468 378.0231)
(523.5964 102.1484 279.3716)(460.0923 117.3841 376.9604)(523.5964 217.4885 279.3716)(460.0923 202.8645 376.9604)
(524.1302 101.9573 278.4673)(460.716 117.2803 376.0654)(524.1302 217.6719 278.4673)(460.716 202.9642 376.0654)
(524.6926 101.7539 277.5116)(461.3758 117.1698 375.1174)(524.6926 217.8671 277.5116)(461.3758 203.0702 375.1174)
(525.2756 101.541 276.5175)(462.0627 117.054 374.1289)(525.2756 218.0715 276.5175)(462.0627 203.1814 374.1289)
(525.7707 101.3583 275.6708)(462.6484 116.9547 373.285)(525.7707 218.2468 275.6708)(462.6484 203.2767 373.285)
(526.2816 101.1681 274.7942)(463.2552 116.8511 372.4096)(526.2816 218.4294 274.7942)(463.2552 203.3761 372.4096)
(526.8278 100.9626 273.8539)(463.9068 116.7393 371.4685)(526.8278 218.6266 273.8539)(463.9068 203.4835 371.4685)
(527.4281 100.7344 272.8166)(464.6263 116.6149 370.4278)(527.4281 218.8457 272.8166)(464.6263 203.6028 370.4278)
(528.2348 100.4234 271.4162)(465.5989 116.4454 369.0185)(528.2348 219.1442 271.4162)(465.5989 203.7655 369.0185)
(528.7794 100.2106 270.4662)(466.2595 116.3293 368.0598)(528.7794 219.3484 270.4662)(466.2595 203.8769 368.0598)
(529.3229 99.99599 269.5146)(466.9219 116.2122 367.0971)(529.3229 219.5544 269.5146)(466.9219 203.9894 367.0971)
(529.8938 99.76797 268.511)(467.6213 116.0877 366.0794)(529.8938 219.7733 268.511)(467.6213 204.1089 366.0794)
(530.5756 99.49207 267.3065)(468.4616 115.937 364.8548)(530.5756 220.0381 267.3065)(468.4616 204.2536 364.8548)
(531.0339 99.30441 266.4934)(469.0296 115.8344 364.026)(531.0339 220.2183 266.4934)(469.0296 204.3521 364.026)
(531.5385 99.09559 265.5945)(469.6581 115.7201 363.1077)(531.5385 220.4187 265.5945)(469.6581 204.4617 363.1077)
(532.105 98.85841 264.5807)(470.3676 115.5903 362.0698)(532.105 220.6463 264.5807)(470.3676 204.5863 362.0698)
(532.6172 98.64136 263.6599)(471.0128 115.4715 361.1246)(532.6172 220.8547 263.6599)(471.0128 204.7003 361.1246)
(533.1127 98.42903 262.7652)(471.6403 115.3552 360.2043)(533.1127 221.0585 262.7652)(471.6403 204.812 360.2043)
(533.5208 98.25235 262.0253)(472.1598 115.2583 359.4416)(533.5208 221.2281 262.0253)(472.1598 204.905 359.4416)
(534.0085 98.03894 261.1371)(472.7838 115.1413 358.5243)(534.0085 221.4329 261.1371)(472.7838 205.0173 358.5243)
(534.5305 97.80785 260.1822)(473.4556 115.0145 357.5357)(534.5305 221.6547 260.1822)(473.4556 205.139 357.5357)
(535.0333 97.58246 259.2574)(474.1068 114.8907 356.5761)(535.0333 221.871 259.2574)(474.1068 205.2578 356.5761)
(535.5816 97.33347 258.2435)(474.8217 114.7539 355.5214)(535.5816 222.11 258.2435)(474.8217 205.3891 355.5214)
(536.0505 97.11784 257.3719)(475.4369 114.6354 354.6126)(536.0505 222.317 257.3719)(475.4369 205.5029 354.6126)
(536.533 96.89322 256.4701)(476.0741 114.5119 353.6702)(536.533 222.5326 256.4701)(476.0741 205.6214 353.6702)
(537.235 96.56135 255.1492)(477.0085 114.3292 352.286)(537.235 222.8512 255.1492)(477.0085 205.7968 352.286)
(537.7659 96.30621 254.1429)(477.7215 114.1887 351.2283)(537.7659 223.0961 254.1429)(477.7215 205.9317 351.2283)
(538.3256 96.03323 253.0751)(478.479 114.0382 350.1029)(538.3256 223.3581 253.0751)(478.479 206.0761 350.1029)
(538.8434 95.77677 252.08)(479.1858 113.8967 349.0515)(538.8434 223.6042 252.08)(479.1858 206.2119 349.0515)
(539.4666 95.46306 250.8733)(480.0439 113.7235 347.7729)(539.4666 223.9053 250.8733)(480.0439 206.3781 347.7729)
(540.1144 95.13077 249.6077)(480.9454 113.54 346.4276)(540.1144 224.2243 249.6077)(480.9454 206.5543 346.4276)
(540.6732 94.8389 248.5066)(481.7309 113.3786 345.2535)(540.6732 224.5044 248.5066)(481.7309 206.7092 345.2535)
(541.1777 94.57092 247.5041)(482.447 113.2303 344.1817)(541.1777 224.7617 247.5041)(482.447 206.8516 344.1817)
(541.804 94.23212 246.2482)(483.3452 113.0426 342.835)(541.804 225.0869 246.2482)(483.3452 207.0317 342.835)
(542.4011 93.90245 245.0383)(484.212 112.8598 341.5334)(542.4011 225.4033 245.0383)(484.212 207.2071 341.5334)
(542.8505 93.64992 244.1196)(484.871 112.7197 340.5423)(542.8505 225.6457 244.1196)(484.871 207.3416 340.5423)
(543.41 93.32977 242.9646)(485.7005 112.542 339.2929)(543.41 225.953 242.9646)(485.7005 207.5122 339.2929)
(544.2867 92.81482 241.1297)(487.0209 112.2557 337.3001)(544.2867 226.4473 241.1297)(487.0209 207.787 337.3001)
(544.8604 92.46834 239.9105)(487.8999 112.0628 335.9707)(544.8604 226.7798 239.9105)(487.8999 207.9722 335.9707)
(545.3434 92.17036 238.872)(488.6497 111.8968 334.8347)(545.3434 227.0658 238.872)(488.6497 208.1315 334.8347)
(545.8378 91.85921 237.797)(489.4268 111.7232 333.6556)(545.8378 227.3645 237.797)(489.4268 208.2981 333.6556)
(546.2938 91.5663 236.7938)(490.153 111.5597 332.5521)(546.2938 227.6456 236.7938)(490.153 208.455 332.5521)
(546.8056 91.23032 235.6535)(490.9796 111.372 331.2941)(546.8056 227.9681 235.6535)(490.9796 208.6352 331.2941)
(547.2526 90.93034 234.6446)(491.7118 111.2042 330.1778)(547.2526 228.2561 234.6446)(491.7118 208.7963 330.1778)
(547.6594 90.65166 233.7151)(492.3873 111.0482 329.1466)(547.6594 228.5235 233.7151)(492.3873 208.946 329.1466)
(548.0851 90.35401 232.7304)(493.1037 110.8814 328.0513)(548.0851 228.8092 232.7304)(493.1037 209.1061 328.0513)
(548.5638 90.01128 231.6069)(493.9222 110.6892 326.7978)(548.5638 229.1382 231.6069)(493.9222 209.2906 326.7978)
(549.0684 89.64031 230.4028)(494.8007 110.4808 325.4501)(549.0684 229.4943 230.4028)(494.8007 209.4906 325.4501)
(549.5005 89.31406 229.3542)(495.5667 110.2974 324.2728)(549.5005 229.8074 229.3542)(495.5667 209.6667 324.2728)
(549.8955 89.00837 228.3803)(496.279 110.1254 323.1762)(549.8955 230.1009 228.3803)(496.279 209.8318 323.1762)
(550.369 88.6319 227.1922)(497.1491 109.9132 321.8343)(550.369 230.4622 227.1922)(497.1491 210.0354 321.8343)
(550.9031 88.19294 225.8225)(498.1538 109.6656 320.2815)(550.9031 230.8835 225.8225)(498.1538 210.2731 320.2815)
(551.4278 87.74544 224.443)(499.1673 109.4127 318.7114)(551.4278 231.3131 224.443)(499.1673 210.5159 318.7114)
(551.7942 87.42223 223.457)(499.8926 109.2298 317.5854)(551.7942 231.6233 223.457)(499.8926 210.6914 317.5854)
(552.3495 86.91405 221.9242)(501.022 108.9418 315.8284)(552.3495 232.1111 221.9242)(501.022 210.9679 315.8284)
(552.7617 86.52091 220.7529)(501.8863 108.7186 314.4802)(552.7617 232.4884 220.7529)(501.8863 211.1821 314.4802)
(553.1188 86.16798 219.7117)(502.6555 108.518 313.2781)(553.1188 232.8272 219.7117)(502.6555 211.3746 313.2781)
(553.4971 85.78012 218.5788)(503.4935 108.2972 311.9656)(553.4971 233.1995 218.5788)(503.4935 211.5866 311.9656)
(553.8294 85.42642 217.5558)(504.2511 108.0955 310.7766)(553.8294 233.539 217.5558)(504.2511 211.7801 310.7766)
(554.1674 85.05273 216.4854)(505.0446 107.8822 309.5286)(554.1674 233.8976 216.4854)(505.0446 211.9849 309.5286)
(554.4478 84.73076 215.5714)(505.7229 107.6982 308.4597)(554.4478 234.2067 215.5714)(505.7229 212.1615 308.4597)
(554.7115 84.41667 214.6874)(506.3795 107.5184 307.4229)(554.7115 234.5082 214.6874)(506.3795 212.3341 307.4229)
(554.9858 84.07761 213.741)(507.0831 107.3241 306.3098)(554.9858 234.8336 213.741)(507.0831 212.5206 306.3098)
(555.2609 83.72295 212.7601)(507.813 107.1205 305.1526)(555.2609 235.174 212.7601)(507.813 212.716 305.1526)
(555.5138 83.38224 211.8261)(508.5086 106.9247 304.0475)(555.5138 235.5011 211.8261)(508.5086 212.904 304.0475)
(555.8653 82.88193 210.4695)(509.5201 106.6366 302.4363)(555.8653 235.9813 210.4695)(509.5201 213.1805 302.4363)
(556.1434 82.45957 209.3377)(510.3649 106.3929 301.0868)(556.1434 236.3867 209.3377)(510.3649 213.4144 301.0868)
(556.3869 82.06716 208.297)(511.1423 106.1661 299.8415)(556.3869 236.7634 208.297)(511.1423 213.632 299.8415)
(556.6557 81.60361 207.0809)(512.0516 105.8977 298.381)(556.6557 237.2083 207.0809)(512.0516 213.8897 298.381)
(556.8478 81.24896 206.16)(512.7407 105.692 297.2711)(556.8478 237.5487 206.16)(512.7407 214.0871 297.2711)
(557.0735 80.80106 205.0086)(513.6029 105.4317 295.8784)(557.0735 237.9786 205.0086)(513.6029 214.337 295.8784)
(557.2886 80.33471 203.8234)(514.4911 105.1601 294.4394)(557.2886 238.4262 203.8234)(514.4911 214.5977 294.4394)
(557.4796 79.87823 202.6764)(515.3512 104.8936 293.0411)(557.4796 238.8644 202.6764)(515.3512 214.8534 293.0411)
(557.6291 79.48322 201.6943)(516.0881 104.6626 291.8394)(557.6291 239.2435 201.6943)(516.0881 215.0752 291.8394)
(557.7553 79.11533 200.7881)(516.7684 104.4471 290.727)(557.7553 239.5966 200.7881)(516.7684 215.2821 290.727)
(557.8835 78.69747 199.7687)(517.5341 104.2017 289.4713)(557.8835 239.9977 199.7687)(517.5341 215.5176 289.4713)
(558.0889 77.87368 197.789)(519.0216 103.7166 287.0197)(558.0889 240.7884 197.789)(519.0216 215.9832 287.0197)
(558.2281 77.07399 195.9043)(520.4384 103.2436 284.6694)(558.2281 241.556 195.9043)(520.4384 216.4372 284.6694)
(558.2742 76.68837 195.0083)(521.1122 103.0149 283.5463)(558.2742 241.9261 195.0083)(521.1122 216.6568 283.5463)
(558.3065 76.30421 194.1238)(521.7772 102.7865 282.4339)(558.3065 242.2949 194.1238)(521.7772 216.876 282.4339)
(558.3237 75.96573 193.3511)(522.3583 102.5849 281.459)(558.3237 242.6198 193.3511)(522.3583 217.0695 281.459)
(558.3304 75.56881 192.4528)(523.0336 102.3479 280.3221)(558.3304 243.0007 192.4528)(523.0336 217.2969 280.3221)
(558.3246 75.22963 191.6917)(523.6057 102.1451 279.3559)(558.3246 243.3263 191.6917)(523.6057 217.4917 279.3559)
(558.309 74.90305 190.9646)(524.1522 101.9494 278.43)(558.309 243.6398 190.9646)(524.1522 217.6795 278.43)
(558.2731 74.4699 190.0087)(524.8704 101.6892 277.2088)(558.2731 244.0555 190.0087)(524.8704 217.9292 277.2088)
(558.2113 73.97686 188.9322)(525.679 101.3923 275.828)(558.2113 244.5288 188.9322)(525.679 218.2142 275.828)
(558.1215 73.45578 187.8076)(526.5229 101.0775 274.3791)(558.1215 245.0289 187.8076)(526.5229 218.5163 274.3791)
(557.9989 72.90347 186.6302)(527.4059 100.7428 272.855)(557.9989 245.5591 186.6302)(527.4059 218.8376 272.855)
(557.8688 72.42126 185.6142)(528.1672 100.4497 271.5339)(557.8688 246.0219 185.6142)(528.1672 219.119 271.5339)
(557.6717 71.80635 184.3345)(529.1249 100.0745 269.8619)(557.6717 246.6121 184.3345)(529.1249 219.4791 269.8619)
(557.5047 71.355 183.4065)(529.8185 99.79819 268.6436)(557.5047 247.0453 183.4065)(529.8185 219.7443 268.6436)
(557.2142 70.66823 182.012)(530.8591 99.37617 266.8038)(557.2142 247.7046 182.012)(530.8591 220.1494 266.8038)
(556.7377 69.71449 180.1104)(532.2745 98.78684 264.2764)(556.7377 248.62 180.1104)(532.2745 220.715 264.2764)
(556.3376 69.02079 178.752)(533.2825 98.35575 262.4578)(556.3376 249.2858 178.752)(533.2825 221.1288 262.4578)
(555.9152 68.36135 177.4796)(534.2239 97.94395 260.7437)(555.9152 249.9188 177.4796)(534.2239 221.5241 260.7437)
(555.6209 67.9361 176.6686)(534.8224 97.67734 259.6459)(555.6209 250.327 176.6686)(534.8224 221.78 259.6459)
(555.2507 67.43314 175.7189)(535.5215 97.36091 258.3549)(555.2507 250.8097 175.7189)(535.5215 222.0837 258.3549)
(554.9681 67.06945 175.0386)(536.0212 97.13137 257.4264)(554.9681 251.1588 175.0386)(536.0212 222.304 257.4264)
(554.6728 66.70585 174.3636)(536.5159 96.90123 256.5021)(554.6728 251.5078 174.3636)(536.5159 222.5249 256.5021)
(554.1366 66.08195 173.2175)(537.3533 96.50481 254.9255)(554.1366 252.1067 173.2175)(537.3533 222.9054 254.9255)
(553.6926 65.59579 172.3349)(537.9959 96.19454 253.705)(553.6926 252.5733 172.3349)(537.9959 223.2032 253.705)
(553.3237 65.20956 171.64)(538.5002 95.94718 252.7403)(553.3237 252.944 171.64)(538.5002 223.4407 252.7403)
(552.9727 64.85554 171.008)(538.9576 95.71975 251.8598)(552.9727 253.2839 171.008)(538.9576 223.659 251.8598)
(552.2611 64.17281 169.8022)(539.8265 95.27927 250.1718)(552.2611 253.9392 169.8022)(539.8265 224.0817 250.1718)
(551.4443 63.43835 168.5239)(540.7421 94.80255 248.3702)(551.4443 254.6441 168.5239)(540.7421 224.5393 248.3702)
(550.7006 62.80812 167.4423)(541.5118 94.39103 246.8357)(550.7006 255.249 167.4423)(541.5118 224.9343 246.8357)
(550.1507 62.36244 166.6857)(542.0473 94.0986 245.7568)(550.1507 255.6768 166.6857)(542.0473 225.215 245.7568)
(549.4099 61.78622 165.7176)(542.7287 93.71876 244.3693)(549.4099 256.2299 165.7176)(542.7287 225.5796 244.3693)
(548.1374 60.85239 164.1724)(543.8068 93.09883 242.1383)(548.1374 257.1262 164.1724)(543.8068 226.1746 242.1383)
(547.3985 60.33833 163.334)(544.3864 92.7552 240.919)(547.3985 257.6197 163.334)(544.3864 226.5045 240.919)
(546.7039 59.8717 162.5803)(544.9038 92.44177 239.8176)(546.7039 258.0676 162.5803)(544.9038 226.8053 239.8176)
(545.6294 59.17823 161.473)(545.6578 91.97324 238.1898)(545.6294 258.7332 161.473)(545.6578 227.255 238.1898)
(544.2857 58.35395 160.1764)(546.5303 91.41201 236.2688)(544.2857 259.5244 160.1764)(546.5303 227.7937 236.2688)
(543.4514 57.86349 159.4147)(547.0371 91.07574 235.1326)(543.4514 259.9951 159.4147)(547.0371 228.1165 235.1326)
(542.6337 57.39712 158.697)(547.5105 90.75433 234.0567)(542.6337 260.4428 158.697)(547.5105 228.425 234.0567)
(541.3535 56.69289 157.6256)(548.2093 90.26588 232.4404)(541.3535 261.1187 157.6256)(548.2093 228.8939 232.4404)
(540.2915 56.13061 156.7805)(548.7534 89.87308 231.1568)(540.2915 261.6584 156.7805)(548.7534 229.2709 231.1568)
(538.7499 55.34604 155.6162)(549.4918 89.32072 229.3755)(538.7499 262.4115 155.6162)(549.4918 229.8011 229.3755)
(537.5538 54.76079 154.759)(550.0265 88.90536 228.054)(537.5538 262.9732 154.759)(550.0265 230.1997 228.054)
(536.2806 54.15832 153.8863)(550.5626 88.47466 226.6997)(536.2806 263.5515 153.8863)(550.5626 230.6131 226.6997)
(534.5389 53.36528 152.7525)(551.2456 87.90276 224.926)(534.5389 264.3127 152.7525)(551.2456 231.1621 224.926)
(533.3277 52.83323 152.0011)(551.6891 87.51583 223.7417)(533.3277 264.8234 152.0011)(551.6891 231.5335 223.7417)
(532.2877 52.3881 151.3782)(552.0511 87.19001 222.754)(532.2877 265.2506 151.3782)(552.0511 231.8462 222.754)
(531.1314 51.90516 150.7081)(552.4343 86.83432 221.6857)(531.1314 265.7142 150.7081)(552.4343 232.1876 221.6857)
(530.0944 51.48221 150.126)(552.7617 86.52088 220.7528)(530.0944 266.1202 150.126)(552.7617 232.4884 220.7528)
(529.0747 51.07507 149.57)(553.0695 86.21744 219.857)(529.0747 266.511 149.57)(553.0695 232.7797 219.857)
(527.8879 50.61169 148.9421)(553.4109 85.86994 218.8401)(527.8879 266.9557 148.9421)(553.4109 233.1133 218.8401)
(526.631 50.1325 148.2984)(553.7538 85.50813 217.7913)(526.631 267.4157 148.2984)(553.7538 233.4605 217.7913)
(525.4161 49.68015 147.6958)(554.0679 85.16425 216.8037)(525.4161 267.8499 147.6958)(554.0679 233.7906 216.8037)
(524.1215 49.20901 147.0733)(554.3852 84.8036 215.7775)(524.1215 268.3021 147.0733)(554.3852 234.1368 215.7775)
(522.7977 48.73837 146.4567)(554.6917 84.44073 214.7548)(522.7977 268.7538 146.4567)(554.6917 234.4851 214.7548)
(521.7919 48.38798 146.001)(554.9131 84.16885 213.9949)(521.7919 269.0901 146.001)(554.9131 234.746 213.9949)
(520.7136 48.01885 145.524)(555.14 83.88078 213.1955)(520.7136 269.4445 145.524)(555.14 235.0225 213.1955)
(519.7278 47.68717 145.0981)(555.3381 83.62048 212.4783)(519.7278 269.7628 145.0981)(555.3381 235.2724 212.4783)
(518.6454 47.32901 144.6409)(555.546 83.33781 211.705)(518.6454 270.1066 144.6409)(555.546 235.5437 211.705)
(517.6775 47.01398 144.2411)(555.7236 83.08775 211.0255)(517.6775 270.409 144.2411)(555.7236 235.7837 211.0255)
(516.4901 46.63387 143.7617)(555.931 82.78432 210.2068)(516.4901 270.7738 143.7617)(555.931 236.075 210.2068)
(511.6081 45.14034 141.9085)(556.6732 81.57226 206.9991)(511.6081 272.2074 141.9085)(556.6732 237.2384 206.9991)
(507.3078 43.90777 140.4147)(557.1934 80.54665 204.3603)(507.3078 273.3905 140.4147)(557.1934 238.2228 204.3603)
(503.65 42.91371 139.2327)(557.5483 79.70133 202.2354)(503.65 274.3446 139.2327)(557.5483 239.0342 202.2354)
(501.6751 42.39604 138.625)(557.7092 79.25427 201.1294)(501.6751 274.8415 138.625)(557.7092 239.4633 201.1294)
(499.6129 41.86889 138.0116)(557.8554 78.79395 200.0032)(499.6129 275.3475 138.0116)(557.8554 239.9051 200.0032)
(497.4583 41.33207 137.3924)(557.9855 78.31972 198.856)(497.4583 275.8628 137.3924)(557.9855 240.3603 198.856)
(495.4144 40.83539 136.8246)(558.0884 77.87584 197.7941)(495.4144 276.3395 136.8246)(558.0884 240.7864 197.7941)
(493.8218 40.4566 136.3946)(558.1552 77.53387 196.9837)(493.8218 276.7031 136.3946)(558.1552 241.1146 196.9837)
(491.4198 39.89809 135.7656)(558.2349 77.02408 195.7879)(491.4198 277.2391 135.7656)(558.2349 241.6039 195.7879)
(489.6533 39.49699 135.3174)(558.2778 76.65367 194.9281)(489.6533 277.6241 135.3174)(558.2778 241.9595 194.9281)
(487.8881 39.10402 134.8811)(558.3077 76.28712 194.0846)(487.8881 278.0013 134.8811)(558.3077 242.3113 194.0846)
(486.2038 38.73607 134.4752)(558.3246 75.94057 193.2939)(486.2038 278.3545 134.4752)(558.3246 242.6439 193.2939)
(483.9095 38.24556 133.9379)(558.3298 75.47337 192.238)(483.9095 278.8253 133.9379)(558.3298 243.0924 192.238)
(481.8048 37.80609 133.4601)(558.3173 75.04951 191.29)(481.8048 279.2471 133.4601)(558.3173 243.4992 191.29)
(479.5563 37.34728 132.9649)(558.2858 74.60145 190.298)(479.5563 279.6875 132.9649)(558.2858 243.9293 190.298)
(477.4367 36.92445 132.5118)(558.2399 74.18332 189.3815)(477.4367 280.0934 132.5118)(558.2399 244.3306 189.3815)
(469.3883 35.4001 130.9035)(557.928 72.63074 186.0542)(469.3883 281.5565 130.9035)(557.928 245.8208 186.0542)
(464.7064 34.56837 130.0424)(557.6522 71.75081 184.2198)(464.7064 282.3548 130.0424)(557.6522 246.6655 184.2198)
(456.5373 33.20544 128.6555)(557.0165 70.25157 181.1764)(456.5373 283.6631 128.6555)(557.0165 248.1045 181.1764)
(453.8266 32.77649 128.2251)(556.7642 69.76336 180.2069)(453.8266 284.0748 128.2251)(556.7642 248.5731 180.2069)
(451.1459 32.36316 127.8131)(556.4952 69.28477 179.2665)(451.1459 284.4715 127.8131)(556.4952 249.0325 179.2665)
(448.4969 31.96496 127.4187)(556.2108 68.8158 178.3546)(448.4969 284.8537 127.4187)(556.2108 249.4826 178.3546)
(446.1474 31.62017 127.0791)(555.9431 68.40302 177.5595)(446.1474 285.1847 127.0791)(555.9431 249.8788 177.5595)
(444.1409 31.33176 126.7964)(555.7034 68.05281 176.8904)(444.1409 285.4615 126.7964)(555.7034 250.215 176.8904)
(442.2912 31.07073 126.5417)(555.4734 67.73172 176.2815)(442.2912 285.712 126.5417)(555.4734 250.5231 176.2815)
(439.6317 30.70342 126.185)(555.1279 67.27299 175.4187)(439.6317 286.0646 126.185)(555.1279 250.9635 175.4187)
(437.1617 30.37051 125.8634)(554.7913 66.84996 174.6305)(437.1617 286.3842 125.8634)(554.7913 251.3695 174.6305)
(435.0798 30.09594 125.5994)(554.4963 66.49555 173.9756)(435.0798 286.6477 125.5994)(554.4963 251.7097 173.9756)
(433.0913 29.83876 125.3531)(554.2047 66.15884 173.358)(433.0913 286.8945 125.3531)(554.2047 252.0329 173.358)
(430.8416 29.55366 125.0812)(553.8635 65.77994 172.6682)(430.8416 287.1682 125.0812)(553.8635 252.3966 172.6682)
(428.6374 29.28026 124.8216)(553.5177 65.41078 172.0013)(428.6374 287.4306 124.8216)(553.5177 252.7509 172.0013)
(426.9684 29.07708 124.6294)(553.2484 65.13257 171.5022)(426.9684 287.6256 124.6294)(553.2484 253.0179 171.5022)
(424.8025 28.81827 124.3854)(552.8893 64.77317 170.8616)(424.8025 287.8741 124.3854)(552.8893 253.3629 170.8616)
(422.5967 28.56025 124.143)(552.5125 64.40902 170.2175)(422.5967 288.1217 124.143)(552.5125 253.7124 170.2175)
(420.4926 28.31925 123.9175)(552.1427 64.06335 169.6105)(420.4926 288.353 123.9175)(552.1427 254.0442 169.6105)
(418.4671 28.0919 123.7056)(551.7773 63.73213 169.0329)(418.4671 288.5713 123.7056)(551.7773 254.3621 169.0329)
(416.342 27.85821 123.4884)(551.3843 63.38618 168.4338)(416.342 288.7956 123.4884)(551.3843 254.6942 168.4338)
(414.4156 27.6506 123.2962)(551.0192 63.07393 167.8968)(414.4156 288.9948 123.2962)(551.0192 254.9939 167.8968)
(411.8485 27.38017 123.0466)(550.5198 62.65983 167.1898)(411.8485 289.2544 123.0466)(550.5198 255.3914 167.1898)
(409.5911 27.148 122.8332)(550.0687 62.29744 166.5759)(409.5911 289.4772 122.8332)(550.0687 255.7392 166.5759)
(407.1915 26.90704 122.6125)(549.577 61.91402 165.9314)(407.1915 289.7086 122.6125)(549.577 256.1072 165.9314)
(405.1062 26.70241 122.4257)(549.1396 61.58229 165.3777)(405.1062 289.9049 122.4257)(549.1396 256.4257 165.3777)
(403.1003 26.50973 122.2503)(548.7099 61.26444 164.8506)(403.1003 290.0899 122.2503)(548.7099 256.7307 164.8506)
(401.0424 26.31619 122.0746)(548.26 60.9396 164.3155)(401.0424 290.2757 122.0746)(548.26 257.0425 164.3155)
(398.4118 26.07489 121.8563)(547.6716 60.52615 163.6393)(398.4118 290.5073 121.8563)(547.6716 257.4394 163.6393)
(396.3881 25.89379 121.6929)(547.2089 60.20938 163.125)(396.3881 290.6811 121.6929)(547.2089 257.7434 163.125)
(394.3087 25.71185 121.5293)(546.7243 59.88514 162.6019)(394.3087 290.8557 121.5293)(546.7243 258.0547 162.6019)
(392.4143 25.54964 121.3837)(546.2747 59.59074 162.1299)(392.4143 291.0114 121.3837)(546.2747 258.3372 162.1299)
(390.0798 25.35438 121.209)(545.7102 59.22923 161.554)(390.0798 291.1989 121.209)(545.7102 258.6842 161.554)
(387.4141 25.13761 121.0156)(545.0515 58.81816 160.9041)(387.4141 291.4069 121.0156)(545.0515 259.0788 160.9041)
(385.3828 24.97678 120.8725)(544.5393 58.50612 160.4142)(385.3828 291.5613 120.8725)(544.5393 259.3783 160.4142)
(383.1619 24.80529 120.7203)(543.9693 58.16615 159.8839)(383.1619 291.7259 120.7203)(543.9693 259.7046 159.8839)
(380.8374 24.63052 120.5656)(543.3616 57.81158 159.3344)(380.8374 291.8936 120.5656)(543.3616 260.045 159.3344)
(378.5107 24.46037 120.4154)(542.7418 57.45794 158.7903)(378.5107 292.057 120.4154)(542.7418 260.3844 158.7903)
(376.1339 24.29153 120.2667)(542.0966 57.098 158.2402)(376.1339 292.219 120.2667)(542.0966 260.7299 158.2402)
(374.1423 24.15381 120.1456)(541.5469 56.79733 157.7836)(374.1423 292.3512 120.1456)(541.5469 261.0185 157.7836)
(371.9352 24.00522 120.0153)(540.9278 56.46519 157.2823)(371.9352 292.4938 120.0153)(540.9278 261.3373 157.2823)
(369.6666 23.85684 119.8855)(540.2806 56.12488 156.7719)(369.6666 292.6363 119.8855)(540.2806 261.6639 156.7719)
(367.6088 23.72602 119.7712)(539.6841 55.81716 156.3132)(367.6088 292.7618 119.7712)(539.6841 261.9593 156.3132)
(365.1394 23.57382 119.6386)(538.9562 55.44905 155.7681)(365.1394 292.9079 119.6386)(538.9562 262.3126 155.7681)
(362.8748 23.43867 119.521)(538.2775 55.11256 155.2731)(362.8748 293.0377 119.521)(538.2775 262.6356 155.2731)
(360.1217 23.2801 119.3834)(537.4374 54.70485 154.6775)(360.1217 293.1898 119.3834)(537.4374 263.0269 154.6775)
(358.0413 23.16441 119.2832)(536.7918 54.39774 154.2319)(358.0413 293.3009 119.2832)(536.7918 263.3217 154.2319)
(355.7654 23.04192 119.1773)(536.0748 54.06276 153.7488)(355.7654 293.4185 119.1773)(536.0748 263.6432 153.7488)
(352.8214 22.88968 119.0459)(535.1306 53.63085 153.1303)(352.8214 293.5646 119.0459)(535.1306 264.0578 153.1303)
(350.4096 22.77019 118.943)(534.3431 53.27824 152.6291)(350.4096 293.6793 118.943)(534.3431 264.3963 152.6291)
(348.3533 22.67196 118.8586)(533.6617 52.97841 152.2054)(348.3533 293.7736 118.8586)(533.6617 264.6841 152.2054)
(345.7969 22.55457 118.7578)(532.8016 52.60678 151.6836)(345.7969 293.8862 118.7578)(532.8016 265.0408 151.6836)
(343.3563 22.44726 118.6658)(531.967 52.25299 151.1901)(343.3563 293.9892 118.6658)(531.967 265.3804 151.1901)
(340.4492 22.32556 118.5617)(530.9558 51.83294 150.6083)(340.4492 294.1061 118.5617)(530.9558 265.7835 150.6083)
(337.4543 22.20702 118.4604)(529.8944 51.40166 150.0157)(337.4543 294.2198 118.4604)(529.8944 266.1975 150.0157)
(334.963 22.11375 118.3808)(528.9962 51.04407 149.5278)(334.963 294.3094 118.3808)(528.9962 266.5407 149.5278)
(332.5429 22.02773 118.3076)(528.1103 50.69768 149.0582)(332.5429 294.3919 118.3076)(528.1103 266.8732 149.0582)
(328.4846 21.8935 118.1934)(526.5948 50.11885 148.2801)(328.4846 294.5208 118.1934)(526.5948 267.4288 148.2801)
(325.9684 21.81663 118.1281)(525.6362 49.76131 147.8035)(325.9684 294.5945 118.1281)(525.6362 267.772 147.8035)
(323.3428 21.74146 118.0644)(524.6204 49.38924 147.3108)(323.3428 294.6667 118.0644)(524.6204 268.1291 147.3108)
(320.6468 21.66969 118.0036)(523.5607 49.00829 146.8097)(320.6468 294.7356 118.0036)(523.5607 268.4948 146.8097)
(317.8199 21.60029 117.9448)(522.4313 48.61 146.2894)(317.8199 294.8022 117.9448)(522.4313 268.877 146.2894)
(315.4636 21.54704 117.8998)(521.4755 48.27894 145.8598)(315.4636 294.8533 117.8998)(521.4755 269.1948 145.8598)
(312.9695 21.49519 117.8559)(520.4494 47.9294 145.4089)(312.9695 294.9031 117.8559)(520.4494 269.5303 145.4089)
(309.781 21.43564 117.8057)(519.1157 47.48389 144.8382)(309.781 294.9603 117.8057)(519.1157 269.9579 144.8382)
(305.8943 21.37323 117.753)(517.4568 46.94277 144.1511)(305.8943 295.0201 117.753)(517.4568 270.4773 144.1511)
(302.5366 21.32833 117.7151)(515.9937 46.47704 143.5648)(302.5366 295.0632 117.7151)(515.9937 270.9243 143.5648)
(299.8371 21.29821 117.6898)(514.7972 46.10373 143.0984)(299.8371 295.0922 117.6898)(514.7972 271.2827 143.0984)
(296.9257 21.27178 117.6675)(513.4861 45.70227 142.6001)(296.9257 295.1175 117.6675)(513.4861 271.668 142.6001)
(293.054 21.24621 117.646)(511.7093 45.17022 141.9451)(293.054 295.1421 117.646)(511.7093 272.1787 141.9451)
(290.3167 21.23483 117.6364)(510.4297 44.79529 141.4871)(290.3167 295.153 117.6364)(510.4297 272.5386 141.4871)
(287.4516 21.22878 117.6313)(509.0695 44.40397 141.0123)(287.4516 295.1588 117.6313)(509.0695 272.9142 141.0123)
(284.34 21.22903 117.6315)(507.5677 43.98026 140.5017)(284.34 295.1586 117.6315)(507.5677 273.3209 140.5017)
(281.0117 21.23711 117.6383)(505.9326 43.52849 139.9613)(281.0117 295.1508 117.6383)(505.9326 273.7545 139.9613)
(278.6414 21.24785 117.6474)(504.7498 43.20767 139.5801)(278.6414 295.1405 117.6474)(504.7498 274.0625 139.5801)
(275.9638 21.26492 117.6617)(503.3952 42.8462 139.1531)(275.9638 295.1241 117.6617)(503.3952 274.4094 139.1531)
(272.7463 21.29243 117.6849)(501.7411 42.41312 138.6449)(272.7463 295.0977 117.6849)(501.7411 274.8251 138.6449)
(269.3523 21.32966 117.7163)(499.9645 41.95783 138.1147)(269.3523 295.062 117.7163)(499.9645 275.2621 138.1147)
(265.9824 21.37506 117.7545)(498.168 41.50738 137.594)(265.9824 295.0184 117.7545)(498.168 275.6945 137.594)
(263.1443 21.41979 117.7923)(496.6295 41.1292 137.1599)(263.1443 294.9755 117.7923)(496.6295 276.0575 137.1599)
(260.035 21.4756 117.8394)(494.9166 40.7162 136.689)(260.035 294.9219 117.8394)(494.9166 276.4539 136.689)
(256.0815 21.55701 117.9082)(492.6966 40.19304 136.097)(256.0815 294.8438 117.9082)(492.6966 276.9561 136.097)
(252.9198 21.63051 117.9704)(490.8868 39.77626 135.6291)(252.9198 294.7732 117.9704)(490.8868 277.3561 135.6291)
(249.5111 21.71815 118.0446)(488.9009 39.32859 135.1301)(249.5111 294.6891 118.0446)(488.9009 277.7858 135.1301)
(245.6987 21.82653 118.1365)(486.6362 38.82988 134.5785)(245.6987 294.5851 118.1365)(486.6362 278.2645 134.5785)
(242.4392 21.92789 118.2226)(484.6627 38.40524 134.1123)(242.4392 294.4878 118.2226)(484.6627 278.6721 134.1123)
(239.6582 22.02075 118.3016)(482.9512 38.04421 133.7186)(239.6582 294.3987 118.3016)(482.9512 279.0186 133.7186)
(236.9228 22.11795 118.3844)(481.2424 37.69031 133.3348)(236.9228 294.3053 118.3844)(481.2424 279.3583 133.3348)
(234.0935 22.22451 118.4753)(479.4484 37.32549 132.9415)(234.0935 294.203 118.4753)(479.4484 279.7084 132.9415)
(230.8646 22.35364 118.5857)(477.3671 36.91071 132.4971)(230.8646 294.0791 118.5857)(477.3671 280.1066 132.4971)
(226.9684 22.52041 118.7285)(474.8065 36.41259 131.9673)(226.9684 293.919 118.7285)(474.8065 280.5847 131.9673)
(223.9676 22.65698 118.8457)(472.7972 36.03067 131.564)(223.9676 293.7879 118.8457)(472.7972 280.9513 131.564)
(220.6717 22.81513 118.9817)(470.5523 35.61296 131.1258)(220.6717 293.6361 118.9817)(470.5523 281.3522 131.1258)
(217.8516 22.95742 119.1044)(468.5988 35.25716 130.7547)(217.8516 293.4996 119.1044)(468.5988 281.6937 130.7547)
(214.8096 23.11816 119.2432)(466.4576 34.875 130.3586)(214.8096 293.3453 119.2432)(466.4576 282.0605 130.3586)
(212.1321 23.26578 119.371)(464.5433 34.54008 130.0133)(212.1321 293.2036 119.371)(464.5433 282.382 130.0133)
(209.1916 23.43473 119.5176)(462.408 34.17386 129.6379)(209.1916 293.0414 119.5176)(462.408 282.7335 129.6379)
(203.8875 23.75769 119.7989)(458.4674 33.51771 128.9706)(203.8875 292.7314 119.7989)(458.4674 283.3633 128.9706)
(199.9322 24.014 120.023)(455.452 33.03233 128.4814)(199.9322 292.4854 120.023)(455.452 283.8292 128.4814)
(195.9527 24.28544 120.2613)(452.35 32.54748 127.9965)(195.9527 292.2249 120.2613)(452.35 284.2946 127.9965)
(192.7114 24.51672 120.4651)(449.7715 32.1553 127.6069)(192.7114 292.0029 120.4651)(449.7715 284.671 127.6069)
(188.654 24.81934 120.7328)(446.4764 31.66796 127.126)(188.654 291.7124 120.7328)(446.4764 285.1388 127.126)
(185.3343 25.07792 120.9625)(443.7228 31.27233 126.7383)(185.3343 291.4642 120.9625)(443.7228 285.5186 126.7383)
(182.181 25.33288 121.1898)(441.0582 30.89926 126.3749)(182.181 291.2195 121.1898)(441.0582 285.8766 126.3749)
(178.9141 25.60679 121.435)(438.2457 30.51566 126.0034)(178.9141 290.9566 121.435)(438.2457 286.2448 126.0034)
(176.0871 25.85188 121.6552)(435.7685 30.18614 125.686)(176.0871 290.7213 121.6552)(435.7685 286.5611 125.686)
(172.8579 26.14119 121.9162)(432.888 29.81273 125.3283)(172.8579 290.4436 121.9162)(432.888 286.9195 125.3283)
(170.0278 26.40312 122.1535)(430.3178 29.48819 125.019)(170.0278 290.1922 122.1535)(430.3178 287.231 125.019)
(167.1228 26.68023 122.4054)(427.6342 29.15776 124.7056)(167.1228 289.9262 122.4054)(427.6342 287.5482 124.7056)
(164.5694 26.93077 122.6342)(425.2367 28.86969 124.4338)(164.5694 289.6858 122.6342)(425.2367 287.8247 124.4338)
(159.1602 27.48374 123.1421)(420.0331 28.26722 123.869)(159.1602 289.155 123.1421)(420.0331 288.403 123.869)
(149.8441 28.50935 124.0953)(410.6545 27.25671 122.9331)(149.8441 288.1706 124.0953)(410.6545 289.3729 122.9331)
(145.0151 29.07908 124.6313)(405.5726 26.7478 122.467)(145.0151 287.6237 124.6313)(405.5726 289.8614 122.467)
(140.4836 29.63855 125.1621)(400.6583 26.28053 122.0423)(140.4836 287.0867 125.1621)(400.6583 290.3099 122.0423)
(137.297 30.04684 125.5523)(397.1145 25.95831 121.7511)(137.297 286.6948 125.5523)(397.1145 290.6192 121.7511)
(132.3306 30.70852 126.1899)(391.4401 25.46748 121.3102)(132.3306 286.0597 126.1899)(391.4401 291.0903 121.3102)
(128.3172 31.2667 126.7329)(386.7134 25.08171 120.9658)(128.3172 285.5239 126.7329)(386.7134 291.4606 120.9658)
(124.7858 31.77578 127.2321)(382.4455 24.75092 120.6722)(124.7858 285.0353 127.2321)(382.4455 291.7781 120.6722)
(120.7892 32.37304 127.8229)(377.4867 24.38703 120.3507)(120.7892 284.462 127.8229)(377.4867 292.1274 120.3507)
(117.9258 32.81525 128.2639)(373.8463 24.13365 120.1279)(117.9258 284.0376 128.2639)(373.8463 292.3706 120.1279)
(115.4791 33.20287 128.6529)(370.6755 23.92229 119.9427)(115.4791 283.6655 128.6529)(370.6755 292.5735 119.9427)
(113.1259 33.58436 129.0381)(367.5721 23.7237 119.7692)(113.1259 283.2993 129.0381)(367.5721 292.7641 119.7692)
(110.4797 34.02391 129.4848)(364.0168 23.50623 119.5798)(110.4797 282.8774 129.4848)(364.0168 292.9728 119.5798)
(108.1175 34.42595 129.8961)(360.783 23.31758 119.4159)(108.1175 282.4916 129.8961)(360.783 293.1539 119.4159)
(105.2308 34.93009 130.4155)(356.7511 23.09442 119.2227)(105.2308 282.0076 130.4155)(356.7511 293.3681 119.2227)
(103.1498 35.3026 130.802)(353.7879 22.93889 119.0884)(103.1498 281.6501 130.802)(353.7879 293.5173 119.0884)
(100.4317 35.80087 131.3226)(349.844 22.74282 118.9195)(100.4317 281.1718 131.3226)(349.844 293.7056 118.9195)
(97.8409 36.28872 131.8363)(346.0038 22.56384 118.7657)(97.8409 280.7036 131.8363)(346.0038 293.8774 118.7657)
(95.81579 36.67903 132.2502)(342.9454 22.42965 118.6507)(95.81579 280.3289 132.2502)(342.9454 294.0061 118.6507)
(93.77641 37.08038 132.6785)(339.8133 22.29979 118.5396)(93.77641 279.9437 132.6785)(339.8133 294.1308 118.5396)
(91.55005 37.52835 133.1599)(336.3323 22.16442 118.4241)(91.55005 279.5137 133.1599)(336.3323 294.2607 118.4241)
(89.76548 37.89508 133.5566)(333.4938 22.061 118.3359)(89.76548 279.1617 133.5566)(333.4938 294.36 118.3359)
(87.02176 38.47257 134.1861)(329.0433 21.91124 118.2085)(87.02176 278.6074 134.1861)(329.0433 294.5037 118.2085)
(84.33488 39.05492 134.8268)(324.5789 21.77615 118.0938)(84.33488 278.0485 134.8268)(324.5789 294.6334 118.0938)
(82.12283 39.54743 135.3736)(320.821 21.67413 118.0073)(82.12283 277.5757 135.3736)(320.821 294.7313 118.0073)
(80.39676 39.94025 135.8129)(317.8351 21.60064 117.9451)(80.39676 277.1987 135.8129)(317.8351 294.8019 117.9451)
(78.52606 40.37484 136.3022)(314.5433 21.52743 117.8832)(78.52606 276.7816 136.3022)(314.5433 294.8721 117.8832)
(76.12383 40.94665 136.9514)(310.2293 21.44359 117.8124)(76.12383 276.2327 136.9514)(310.2293 294.9526 117.8124)
(74.16763 41.42427 137.4984)(306.6405 21.38433 117.7624)(74.16763 275.7742 137.4984)(306.6405 295.0095 117.7624)
(72.18701 41.91951 138.0702)(302.9343 21.3332 117.7193)(72.18701 275.2989 138.0702)(302.9343 295.0586 117.7193)
(70.68143 42.30399 138.5175)(300.0664 21.30055 117.6917)(70.68143 274.9298 138.5175)(300.0664 295.0899 117.6917)
(68.976 42.74829 139.0379)(296.763 21.2705 117.6664)(68.976 274.5034 139.0379)(296.763 295.1187 117.6664)
(67.29101 43.19673 139.5672)(293.4397 21.24827 117.6477)(67.29101 274.073 139.5672)(293.4397 295.1401 117.6477)
(65.73106 43.62067 140.0713)(290.3084 21.23479 117.6364)(65.73106 273.666 140.0713)(290.3084 295.153 117.6364)
(64.17379 44.05268 140.5887)(287.1278 21.22847 117.6311)(64.17379 273.2514 140.5887)(287.1278 295.1591 117.6311)
(62.44372 44.54324 141.1809)(283.528 21.23024 117.6325)(62.44372 272.7805 141.1809)(283.528 295.1574 117.6325)
(59.5948 45.37702 142.199)(277.4395 21.25482 117.6532)(59.5948 271.9802 142.199)(277.4395 295.1338 117.6532)
(57.15639 46.11813 143.1163)(272.0587 21.29922 117.6906)(57.15639 271.2689 143.1163)(272.0587 295.0912 117.6906)
(55.49147 46.63977 143.7691)(268.289 21.34307 117.7276)(55.49147 270.7682 143.7691)(268.289 295.0491 117.7276)
(53.85582 47.16533 144.4329)(264.5055 21.39754 117.7735)(53.85582 270.2637 144.4329)(264.5055 294.9968 117.7735)
(52.33078 47.66768 145.0731)(260.9026 21.4593 117.8256)(52.33078 269.7815 145.0731)(260.9026 294.9375 117.8256)
(50.77596 48.1928 145.7484)(257.1507 21.53382 117.8886)(50.77596 269.2775 145.7484)(257.1507 294.866 117.8886)
(49.00988 48.80615 146.5452)(252.787 21.63372 117.9731)(49.00988 268.6888 146.5452)(252.787 294.7701 117.9731)
(47.67129 49.2837 147.1716)(249.4035 21.72102 118.047)(47.67129 268.2304 147.1716)(249.4035 294.6863 118.047)
(46.38227 49.7546 147.7946)(246.0793 21.81521 118.1269)(46.38227 267.7784 147.7946)(246.0793 294.5959 118.1269)
(45.13824 50.21965 148.4151)(242.8074 21.91599 118.2125)(45.13824 267.332 148.4151)(242.8074 294.4992 118.2125)
(44.00685 50.65236 148.997)(239.7742 22.01676 118.2982)(44.00685 266.9167 148.997)(239.7742 294.4025 118.2982)
(42.93318 51.0721 149.5659)(236.842 22.12094 118.387)(42.93318 266.5138 149.5659)(236.842 294.3025 118.387)
(42.09478 51.40607 150.0217)(234.5154 22.2082 118.4614)(42.09478 266.1932 150.0217)(234.5154 294.2187 118.4614)
(41.05112 51.8301 150.6044)(231.5706 22.3247 118.5609)(41.05112 265.7863 150.6044)(231.5706 294.1069 118.5609)
(39.88804 52.31393 151.2749)(228.2228 22.46539 118.6813)(39.88804 265.3219 151.2749)(228.2228 293.9718 118.6813)
(38.86081 52.7518 151.8868)(225.2047 22.59975 118.7966)(38.86081 264.9016 151.8868)(225.2047 293.8429 118.7966)
(37.91815 53.16277 152.4656)(222.3819 22.73196 118.9101)(37.91815 264.5071 152.4656)(222.3819 293.716 118.9101)
(37.09702 53.52832 152.9842)(219.8794 22.85449 119.0156)(37.09702 264.1562 152.9842)(219.8794 293.5984 119.0156)
(36.21144 53.93081 153.5593)(217.1329 22.9947 119.1365)(36.21144 263.7699 153.5593)(217.1329 293.4638 119.1365)
(35.37798 54.318 154.1166)(214.5002 23.1349 119.2577)(35.37798 263.3983 154.1166)(214.5002 293.3292 119.2577)
(34.34233 54.81097 154.8321)(211.161 23.32081 119.4187)(34.34233 262.9251 154.8321)(211.161 293.1508 119.4187)
(33.28796 55.32727 155.5886)(207.6795 23.52444 119.5956)(33.28796 262.4295 155.5886)(207.6795 292.9553 119.5956)
(32.18547 55.88403 156.4127)(203.9437 23.75418 119.7958)(32.18547 261.8951 156.4127)(203.9437 292.7348 119.7958)
(31.42881 56.2769 156.9995)(201.3194 23.92262 119.943)(31.42881 261.518 156.9995)(201.3194 292.5731 119.943)
(30.63174 56.70095 157.6378)(198.4977 24.1103 120.1074)(30.63174 261.111 157.6378)(198.4977 292.393 120.1074)
(29.85071 57.12714 158.2846)(195.6733 24.30502 120.2785)(29.85071 260.7019 158.2846)(195.6733 292.2061 120.2785)
(28.81083 57.71248 159.1816)(191.8137 24.58238 120.5231)(28.81083 260.1401 159.1816)(191.8137 291.9398 120.5231)
(27.85206 58.27203 160.0486)(188.146 24.85829 120.7673)(27.85206 259.603 160.0486)(188.146 291.675 120.7673)
(26.99439 58.79008 160.8598)(184.7687 25.123 121.0026)(26.99439 259.1057 160.8598)(184.7687 291.421 121.0026)
(26.10135 59.34903 161.7444)(181.1457 25.41857 121.2664)(26.10135 258.5692 161.7444)(181.1457 291.1372 121.2664)
(25.31438 59.85975 162.5611)(177.8546 25.69772 121.5166)(25.31438 258.079 162.5611)(177.8546 290.8693 121.5166)
(24.28072 60.55931 163.6933)(173.3769 26.09402 121.8736)(24.28072 257.4076 163.6933)(173.3769 290.4889 121.8736)
(23.61501 61.02923 164.4628)(170.3893 26.36925 122.1227)(23.61501 256.9565 164.4628)(170.3893 290.2247 122.1227)
(22.52746 61.83417 165.7977)(165.31 26.85747 122.5672)(22.52746 256.1839 165.7977)(165.31 289.7561 122.5672)
(21.911 62.31364 166.6033)(162.308 27.1583 122.8427)(21.911 255.7237 166.6033)(162.308 289.4674 122.8427)
(21.29705 62.81017 167.4458)(159.2181 27.47767 123.1365)(21.29705 255.2471 167.4458)(159.2181 289.1608 123.1365)
(20.40778 63.56802 168.7482)(154.5399 27.98055 123.602)(20.40778 254.5197 168.7482)(154.5399 288.6781 123.602)
(19.58073 64.32095 170.0624)(149.9385 28.49845 124.0851)(19.58073 253.797 170.0624)(149.9385 288.1811 124.0851)
(18.79826 65.0853 171.4176)(145.3161 29.04278 124.597)(18.79826 253.0633 171.4176)(145.3161 287.6586 124.597)
(18.29833 65.60546 172.3523)(142.1988 29.42386 124.9579)(18.29833 252.564 172.3523)(142.1988 287.2928 124.9579)
(17.13927 66.93571 174.7897)(134.3366 30.43753 125.928)(17.13927 251.2872 174.7897)(134.3366 286.3198 125.928)
(16.27837 68.07912 176.9405)(127.7081 31.3533 126.8175)(16.27837 250.1897 176.9405)(127.7081 285.4408 126.8175)
(15.88716 68.66222 178.0579)(124.3755 31.83604 127.2915)(15.88716 249.63 178.0579)(124.3755 284.9775 127.2915)
(15.57066 69.17325 179.0488)(121.4821 32.2678 127.7184)(15.57066 249.1395 179.0488)(121.4821 284.563 127.7184)
(15.2645 69.71062 180.1028)(118.4678 32.73062 128.1792)(15.2645 248.6237 180.1028)(118.4678 284.1188 128.1792)
(15.04269 70.13323 180.9404)(116.1175 33.10078 128.5502)(15.04269 248.2181 180.9404)(116.1175 283.7635 128.5502)
(14.83662 70.55785 181.7899)(113.7746 33.47831 128.9308)(14.83662 247.8105 181.7899)(113.7746 283.4012 128.9308)
(14.66409 70.94366 182.5687)(111.6622 33.82607 129.2834)(14.66409 247.4402 182.5687)(111.6622 283.0674 129.2834)
(14.51108 71.31519 183.325)(109.6428 34.1653 129.6291)(14.51108 247.0836 183.325)(109.6428 282.7417 129.6291)
(14.36151 71.71265 184.1411)(107.4988 34.53283 130.0059)(14.36151 246.7021 184.1411)(107.4988 282.389 130.0059)
(14.24721 72.04631 184.8318)(105.712 34.84507 130.3276)(14.24721 246.3818 184.8318)(105.712 282.0893 130.3276)
(14.14137 72.3866 185.5416)(103.9023 35.16697 130.661)(14.14137 246.0552 185.5416)(103.9023 281.7803 130.661)
(14.05042 72.71172 186.2249)(102.1855 35.47787 130.9846)(14.05042 245.7431 186.2249)(102.1855 281.4819 130.9846)
(13.96317 73.06191 186.9664)(100.3493 35.8162 131.3387)(13.96317 245.407 186.9664)(100.3493 281.1571 131.3387)
(13.89545 73.37158 187.6272)(98.73705 36.1185 131.6566)(13.89545 245.1098 187.6272)(98.73705 280.867 131.6566)
(13.8166 73.7991 188.547)(96.52943 36.54053 132.103)(13.8166 244.6994 188.547)(96.52943 280.4619 132.103)
(13.75099 74.25681 189.5419)(94.18954 36.99841 132.5908)(13.75099 244.2601 189.5419)(94.18954 280.0224 132.5908)
(13.70783 74.67467 190.4594)(92.07475 37.42183 133.0451)(13.70783 243.859 190.4594)(92.07475 279.616 133.0451)
(13.68173 75.07167 191.3394)(90.08475 37.82893 133.4848)(13.68173 243.4779 191.3394)(90.08475 279.2252 133.4848)
(13.66974 75.63129 192.5937)(87.31222 38.41065 134.1183)(13.66974 242.9408 192.5937)(87.31222 278.6668 134.1183)
(13.685 76.16325 193.8013)(84.71227 38.97208 134.7353)(13.685 242.4302 193.8013)(84.71227 278.128 134.7353)
(13.7155 76.58102 194.7604)(82.69543 39.41883 135.2304)(13.7155 242.0292 194.7604)(82.69543 277.6992 135.2304)
(13.76279 77.00581 195.7453)(80.66722 39.8782 135.7433)(13.76279 241.6214 195.7453)(80.66722 277.2582 135.7433)
(13.81896 77.3838 196.6302)(78.88203 40.29142 136.208)(13.81896 241.2587 196.6302)(78.88203 276.8616 136.208)
(13.89275 77.78441 197.5768)(77.01006 40.73377 136.709)(13.89275 240.8741 197.5768)(77.01006 276.437 136.709)
(14.01208 78.30922 198.8307)(74.59008 41.32027 137.3789)(14.01208 240.3704 198.8307)(74.59008 275.8741 137.3789)
(14.44114 79.67319 202.1655)(68.47364 42.88098 139.1941)(14.44114 239.0612 202.1655)(68.47364 274.376 139.1941)
(14.59561 80.06317 203.1395)(66.77217 43.33681 139.7333)(14.59561 238.6869 203.1395)(66.77217 273.9385 139.7333)
(14.8731 80.68916 204.7229)(64.08585 44.07732 140.6183)(14.8731 238.086 204.7229)(64.08585 273.2277 140.6183)
(15.11001 81.1678 205.9503)(62.06966 44.65082 141.3114)(15.11001 237.6266 205.9503)(62.06966 272.6772 141.3114)
(15.44718 81.78503 207.5551)(59.51903 45.39964 142.2268)(15.44718 237.0341 207.5551)(59.51903 271.9585 142.2268)
(15.81946 82.40108 209.1819)(57.0298 46.15737 143.1652)(15.81946 236.4428 209.1819)(57.0298 271.2312 143.1652)
(16.16858 82.9315 210.6031)(54.93231 46.81792 143.9934)(16.16858 235.9337 210.6031)(54.93231 270.5972 143.9934)
(16.53813 83.45332 212.0203)(52.91099 47.47513 144.827)(16.53813 235.4328 212.0203)(52.91099 269.9664 144.827)
(16.84746 83.8644 213.1502)(51.34835 47.99792 145.4971)(16.84746 235.0383 213.1502)(51.34835 269.4646 145.4971)
(17.11563 84.20445 214.094)(50.07602 48.43375 146.0604)(17.11563 234.7119 214.094)(50.07602 269.0462 146.0604)
(17.40868 84.56112 215.093)(48.76095 48.89413 146.6602)(17.40868 234.3695 215.093)(48.76095 268.6043 146.6602)
(17.67836 84.87685 215.9851)(47.61398 49.30441 147.1989)(17.67836 234.0665 215.9851)(47.61398 268.2105 147.1989)
(17.95609 85.19093 216.88)(46.489 49.7151 147.7422)(17.95609 233.765 216.88)(46.489 267.8163 147.7422)
(18.17745 85.43383 217.5771)(45.63004 50.03448 148.1674)(18.17745 233.5319 217.5771)(45.63004 267.5098 148.1674)
(18.50412 85.78134 218.5823)(44.41799 50.49405 148.7836)(18.50412 233.1983 218.5823)(44.41799 267.0687 148.7836)
(18.80365 86.08958 219.4818)(43.35976 50.90423 149.3379)(18.80365 232.9024 219.4818)(43.35976 266.675 149.3379)
(19.12352 86.4087 220.4207)(42.2809 51.3314 149.9196)(19.12352 232.5961 220.4207)(42.2809 266.2649 149.9196)
(19.46219 86.73613 221.3926)(41.19181 51.77239 150.5249)(19.46219 232.2818 221.3926)(41.19181 265.8416 150.5249)
(19.85686 87.10561 222.4996)(39.98473 52.2732 151.2182)(19.85686 231.9272 222.4996)(39.98473 265.3609 151.2182)
(20.2205 87.43534 223.4968)(38.92762 52.72303 151.8464)(20.2205 231.6107 223.4968)(38.92762 264.9292 151.8464)
(20.52556 87.70465 224.3181)(38.07812 53.09242 152.3662)(20.52556 231.3522 224.3181)(38.07812 264.5746 152.3662)
(20.78951 87.93278 225.0184)(37.3683 53.4067 152.8113)(20.78951 231.1333 225.0184)(37.3683 264.273 152.8113)
(21.10514 88.1998 225.8438)(36.54938 53.77621 153.3379)(21.10514 230.877 225.8438)(36.54938 263.9183 153.3379)
(21.42373 88.46338 226.6644)(35.75326 54.14261 153.8637)(21.42373 230.624 226.6644)(35.75326 263.5666 153.8637)
(21.74014 88.71962 227.468)(34.99124 54.50044 154.3806)(21.74014 230.378 227.468)(34.99124 263.2231 154.3806)
(22.13484 89.03204 228.4554)(34.07822 54.93886 155.0188)(22.13484 230.0781 228.4554)(34.07822 262.8023 155.0188)
(22.42638 89.25795 229.1748)(33.42887 55.25732 155.4857)(22.42638 229.8613 229.1748)(33.42887 262.4966 155.4857)
(22.77911 89.52609 230.0346)(32.67027 55.63687 156.0458)(22.77911 229.6039 230.0346)(32.67027 262.1324 156.0458)
(23.23556 89.86496 231.1304)(31.73069 56.11901 156.7631)(23.23556 229.2787 231.1304)(31.73069 261.6696 156.7631)
(23.68439 90.18999 232.1913)(30.84947 56.58397 157.4612)(23.68439 228.9667 232.1913)(30.84947 261.2233 157.4612)
(24.08937 90.47675 233.1354)(30.08831 56.99622 158.0853)(24.08937 228.6915 233.1354)(30.08831 260.8276 158.0853)
(24.49185 90.75592 234.062)(29.36224 57.39941 158.7006)(24.49185 228.4235 234.062)(29.36224 260.4406 158.7006)
(25.09027 91.16099 235.4196)(28.33512 57.98758 159.6067)(25.09027 228.0347 235.4196)(28.33512 259.876 159.6067)
(25.81694 91.63793 237.0383)(27.16602 58.68489 160.6945)(25.81694 227.5769 237.0383)(27.16602 259.2067 160.6945)
(26.50085 92.07302 238.5346)(26.13824 59.32549 161.7069)(26.50085 227.1593 238.5346)(26.13824 258.5918 161.7069)
(27.07565 92.42922 239.7737)(25.32432 59.85305 162.5503)(27.07565 226.8174 239.7737)(25.32432 258.0854 162.5503)
(27.5843 92.7375 240.8566)(24.6405 60.31193 163.2912)(27.5843 226.5215 240.8566)(24.6405 257.645 163.2912)
(28.32218 93.17423 242.4074)(23.70382 60.96551 164.358)(28.32218 226.1023 242.4074)(23.70382 257.0177 164.358)
(28.95569 93.53969 243.7206)(22.94989 61.51563 165.2669)(28.95569 225.7515 243.7206)(22.94989 256.4897 165.2669)
(29.39117 93.78618 244.6144)(22.45677 61.88827 165.8882)(29.39117 225.5149 244.6144)(22.45677 256.132 165.8882)
(29.99352 94.12103 245.8391)(21.80679 62.39656 166.7434)(29.99352 225.1935 245.8391)(21.80679 255.6441 166.7434)
(30.5982 94.4504 247.0559)(21.19007 62.89885 167.5971)(30.5982 224.8773 247.0559)(21.19007 255.162 167.5971)
(31.36082 94.85676 248.5737)(20.46053 63.52162 168.6679)(31.36082 224.4873 248.5737)(20.46053 254.5642 168.6679)
(32.06023 95.22097 249.95)(19.83639 64.08272 169.6444)(32.06023 224.1377 249.95)(19.83639 254.0256 169.6444)
(32.5905 95.49203 250.9843)(19.3901 64.50206 170.3816)(32.5905 223.8775 250.9843)(19.3901 253.6231 170.3816)
(33.24937 95.82295 252.2586)(18.86684 65.01604 171.2939)(33.24937 223.5599 252.2586)(18.86684 253.1298 171.2939)
(34.07534 96.2292 253.8408)(18.2568 65.64998 172.4328)(34.07534 223.17 253.8408)(18.2568 252.5213 172.4328)
(34.64749 96.50517 254.927)(17.86305 66.08253 173.2186)(34.64749 222.9051 254.927)(17.86305 252.1061 173.2186)
(35.47928 96.89895 256.493)(17.33032 66.70225 174.357)(35.47928 222.5271 256.493)(17.33032 251.5113 174.357)
(36.10405 97.1892 257.6597)(16.95961 67.16097 175.2093)(36.10405 222.2485 257.6597)(16.95961 251.071 175.2093)
(36.78127 97.49863 258.9152)(16.58538 67.65179 176.1305)(36.78127 221.9515 258.9152)(16.58538 250.5999 176.1305)
(37.58021 97.85711 260.3851)(16.17892 68.22268 177.2143)(37.58021 221.6074 260.3851)(16.17892 250.0519 177.2143)
(38.1589 98.11249 261.4425)(15.90722 68.63084 177.9974)(38.1589 221.3623 261.4425)(15.90722 249.6601 177.9974)
(38.86015 98.41734 262.7161)(15.60261 69.11968 178.9444)(38.86015 221.0697 262.7161)(15.60261 249.1909 178.9444)
(39.73631 98.79142 264.2959)(15.25833 69.72184 180.1249)(39.73631 220.7106 264.2959)(15.25833 248.6129 180.1249)
(40.41259 99.07519 265.507)(15.01899 70.18034 181.0343)(40.41259 220.4382 265.507)(15.01899 248.1728 181.0343)
(41.16811 99.38732 266.8521)(14.77759 70.68632 182.0485)(41.16811 220.1387 266.8521)(14.77759 247.6872 182.0485)
(41.91134 99.68951 268.1674)(14.56607 71.17783 183.0447)(41.91134 219.8486 268.1674)(14.56607 247.2154 183.0447)
(42.75214 100.0257 269.6461)(14.35655 71.72659 184.1699)(42.75214 219.5259 269.6461)(14.35655 246.6887 184.1699)
(43.47812 100.3115 270.9158)(14.19989 72.19454 185.1403)(43.47812 219.2516 270.9158)(14.19989 246.2395 185.1403)
(44.43232 100.6809 272.5747)(14.02684 72.80141 186.4142)(44.43232 218.897 272.5747)(14.02684 245.657 186.4142)
(45.34423 101.0275 274.1503)(13.89516 73.37313 187.6305)(45.34423 218.5643 274.1503)(13.89516 245.1083 187.6305)
(46.00332 101.2743 275.2832)(13.81957 73.78139 188.5087)(46.00332 218.3274 275.2832)(13.81957 244.7164 188.5087)
(46.78877 101.5646 276.6274)(13.75015 74.26274 189.5549)(46.78877 218.0488 276.6274)(13.75015 244.2544 189.5549)
(47.54201 101.839 277.9106)(13.70416 74.71914 190.5576)(47.54201 217.7854 277.9106)(13.70416 243.8163 190.5576)
(48.26696 102.0996 279.1403)(13.67822 75.1537 191.5222)(48.26696 217.5353 279.1403)(13.67822 243.3992 191.5222)
(49.05779 102.3802 280.4763)(13.66961 75.62273 192.5743)(49.05779 217.266 280.4763)(13.66961 242.949 192.5743)
(49.86936 102.664 281.8411)(13.68188 76.09858 193.6536)(49.86936 216.9935 281.8411)(13.68188 242.4923 193.6536)
(50.53484 102.8939 282.9562)(13.70708 76.48484 194.5387)(50.53484 216.7729 282.9562)(13.70708 242.1215 194.5387)
(51.69 103.2869 284.8831)(13.78215 77.14707 196.0751)(51.69 216.3956 284.8831)(13.78215 241.4859 196.0751)
(52.64574 103.6065 286.4692)(13.87351 77.68723 197.3463)(52.64574 216.0889 286.4692)(13.87351 240.9674 197.3463)
(53.47847 103.8809 287.8455)(13.97371 78.15234 198.4542)(53.47847 215.8255 287.8455)(13.97371 240.521 198.4542)
(54.14014 104.0964 288.9356)(14.0666 78.51836 199.3349)(54.14014 215.6187 288.9356)(14.0666 240.1696 199.3349)
(54.745 104.2915 289.9294)(14.16146 78.85021 200.1401)(54.745 215.4314 289.9294)(14.16146 239.8511 200.1401)
(55.59973 104.564 291.3293)(14.31159 79.31478 201.2784)(55.59973 215.1699 291.3293)(14.31159 239.4052 201.2784)
(56.22711 104.7617 292.3539)(14.43338 79.65261 202.1143)(56.22711 214.98 292.3539)(14.43338 239.0809 202.1143)
(57.18273 105.0594 293.9096)(14.63697 80.16215 203.3882)(57.18273 214.6943 293.9096)(14.63697 238.5919 203.3882)
(58.29559 105.4008 295.7142)(14.90099 80.74797 204.873)(58.29559 214.3667 295.7142)(14.90099 238.0296 204.873)
(59.0673 105.6343 296.9611)(15.10066 81.14957 205.9033)(59.0673 214.1426 296.9611)(15.10066 237.6441 205.9033)
(60.0498 105.9278 298.5439)(15.3735 81.65552 207.2163)(60.0498 213.8608 298.5439)(15.3735 237.1585 207.2163)
(61.07582 106.23 300.1911)(15.68029 82.17757 208.5887)(61.07582 213.5708 300.1911)(15.68029 236.6574 208.5887)
(62.23399 106.5659 302.0437)(16.05243 82.75935 210.1397)(62.23399 213.2483 302.0437)(16.05243 236.0989 210.1397)
(63.03693 106.7957 303.3241)(16.326 83.15813 211.2163)(63.03693 213.0278 303.3241)(16.326 235.7162 211.2163)
(63.68037 106.978 304.3479)(16.5541 83.47504 212.0797)(63.68037 212.8528 304.3479)(16.5541 235.412 212.0797)
(64.40604 107.1818 305.5001)(16.82071 83.82967 213.0543)(64.40604 212.6572 305.5001)(16.82071 235.0716 213.0543)
(65.30024 107.4301 306.9164)(17.16252 84.26264 214.2564)(65.30024 212.4188 306.9164)(17.16252 234.656 214.2564)
(66.19798 107.6766 308.3347)(17.5201 84.69299 215.4647)(66.19798 212.1823 308.3347)(17.5201 234.243 215.4647)
(67.28973 107.9724 310.0547)(17.9737 85.21056 216.9362)(67.28973 211.8984 310.0547)(17.9737 233.7462 216.9362)
(68.30647 108.2441 311.6519)(18.41419 85.687 218.3085)(68.30647 211.6375 311.6519)(18.41419 233.2889 218.3085)
(69.14868 108.4666 312.9716)(18.79194 86.07764 219.4468)(69.14868 211.424 312.9716)(18.79194 232.9139 219.4468)
(69.94212 108.674 314.2122)(19.15797 86.44241 220.5204)(69.94212 211.2249 314.2122)(19.15797 232.5638 220.5204)
(71.13392 108.9818 316.0712)(19.72599 86.98453 222.1356)(71.13392 210.9295 316.0712)(19.72599 232.0434 222.1356)
(73.152 109.4927 319.2065)(20.73604 87.88692 224.8773)(73.152 210.4391 319.2065)(20.73604 231.1773 224.8773)
(73.97949 109.6986 320.4877)(21.16698 88.25143 226.004)(73.97949 210.2414 320.4877)(21.16698 230.8274 226.004)
(74.85496 109.9142 321.8405)(21.63318 88.63364 227.1977)(74.85496 210.0345 321.8405)(21.63318 230.4605 227.1977)
(75.64906 110.1079 323.0652)(22.06495 88.97734 228.2819)(75.64906 209.8486 323.0652)(22.06495 230.1306 228.2819)
(76.38626 110.2861 324.2003)(22.47327 89.29388 229.2896)(76.38626 209.6776 324.2003)(22.47327 229.8268 229.2896)
(77.1127 110.4602 325.317)(22.88242 89.6035 230.284)(77.1127 209.5105 325.317)(22.88242 229.5296 230.284)
(77.73111 110.6072 326.2661)(23.23604 89.86525 231.1313)(77.73111 209.3693 326.2661)(23.23604 229.2784 231.1313)
