(225.7723 128.5954 507.3812)(161.9561 123.9752 444.0668)(225.7723 192.1034 507.3812)(161.9561 196.5381 444.0668)
(225.7723 128.5954 507.3812)(161.9561 123.9752 444.0668)(225.7723 192.1034 507.3812)(161.9561 196.5381 444.0668)
(226.6839 128.6364 508.023)(162.9069 124.0719 445.2288)(226.6839 192.0641 508.023)(162.9069 196.4453 445.2288)
(227.5952 128.6766 508.6558)(163.8571 124.1675 446.3849)(227.5952 192.0255 508.6558)(163.8571 196.3535 446.3849)
(242.7222 129.2506 517.8519)(179.605 125.6214 464.7292)(242.7222 191.4745 517.8519)(179.605 194.958 464.7292)
(244.7612 129.3146 518.8967)(181.7227 125.7987 467.0699)(244.7612 191.4131 518.8967)(181.7227 194.7878 467.0699)
(245.8165 129.3464 519.4187)(182.8182 125.8888 468.2681)(245.8165 191.3826 519.4187)(182.8182 194.7014 468.2681)
(246.7636 129.3743 519.8763)(183.801 125.9686 469.3358)(246.7636 191.3558 519.8763)(183.801 194.6247 469.3358)
(247.4554 129.3942 520.204)(184.5188 126.0264 470.1109)(247.4554 191.3367 520.204)(184.5188 194.5693 470.1109)
(248.0372 129.4107 520.4754)(185.1222 126.0746 470.7597)(248.0372 191.3209 520.4754)(185.1222 194.523 470.7597)
(248.6525 129.4278 520.7581)(185.7603 126.1252 471.4428)(248.6525 191.3044 520.7581)(185.7603 194.4744 471.4428)
(249.2932 129.4454 521.0477)(186.4245 126.1775 472.1506)(249.2932 191.2876 521.0477)(186.4245 194.4242 472.1506)
(249.8394 129.4601 521.2908)(186.9906 126.2217 472.7513)(249.8394 191.2735 521.2908)(186.9906 194.3818 472.7513)
(250.4053 129.4751 521.539)(187.577 126.2673 473.3709)(250.4053 191.259 521.539)(187.577 194.3381 473.3709)
(251.0128 129.4909 521.8013)(188.2064 126.3158 474.0331)(251.0128 191.2438 521.8013)(188.2064 194.2915 474.0331)
(251.6837 129.5081 522.086)(188.9014 126.3689 474.7607)(251.6837 191.2273 522.086)(188.9014 194.2405 474.7607)
(252.5907 129.5308 522.4623)(189.8406 126.4401 475.7379)(252.5907 191.2056 522.4623)(189.8406 194.1722 475.7379)
(253.2067 129.5459 522.7125)(190.4782 126.4879 476.3976)(253.2067 191.1911 522.7125)(190.4782 194.1263 476.3976)
(253.8245 129.5607 522.9588)(191.1176 126.5355 477.0558)(253.8245 191.1769 522.9588)(191.1176 194.0806 477.0558)
(254.4767 129.576 523.2139)(191.7924 126.5854 477.747)(254.4767 191.1622 523.2139)(191.7924 194.0327 477.747)
(255.2606 129.594 523.5138)(192.6031 126.6448 478.5726)(255.2606 191.1449 523.5138)(192.6031 193.9757 478.5726)
(255.7904 129.6059 523.7124)(193.151 126.6846 479.1276)(255.7904 191.1335 523.7124)(193.151 193.9375 479.1276)
(256.3767 129.6189 523.9283)(193.7572 126.7283 479.7388)(256.3767 191.121 523.9283)(193.7572 193.8956 479.7388)
(257.0388 129.6331 524.1671)(194.4414 126.7772 480.4251)(257.0388 191.1073 524.1671)(194.4414 193.8486 480.4251)
(257.641 129.6459 524.3797)(195.0637 126.8214 481.0459)(257.641 191.0951 524.3797)(195.0637 193.8062 481.0459)
(258.2267 129.658 524.5824)(195.6688 126.864 481.6466)(258.2267 191.0835 524.5824)(195.6688 193.7653 481.6466)
(258.7118 129.6678 524.7471)(196.1697 126.8991 482.1416)(258.7118 191.0741 524.7471)(196.1697 193.7316 482.1416)
(259.2946 129.6794 524.9413)(196.7714 126.9409 482.7335)(259.2946 191.0629 524.9413)(196.7714 193.6915 482.7335)
(259.9221 129.6916 525.1458)(197.4192 126.9855 483.3672)(259.9221 191.0512 525.1458)(197.4192 193.6486 483.3672)
(260.5306 129.7032 525.3395)(198.0471 127.0285 483.9782)(260.5306 191.0401 525.3395)(198.0471 193.6074 483.9782)
(261.1988 129.7155 525.5471)(198.7365 127.0752 484.6451)(261.1988 191.0283 525.5471)(198.7365 193.5625 484.6451)
(261.774 129.7259 525.7215)(199.3297 127.1151 485.2158)(261.774 191.0183 525.7214)(199.3297 193.5242 485.2158)
(262.37 129.7364 525.8979)(199.9442 127.1562 485.8038)(262.37 191.0082 525.8979)(199.9442 193.4849 485.8038)
(263.2445 129.7513 526.149)(200.8456 127.2157 486.6605)(263.2445 190.9939 526.149)(200.8456 193.4277 486.6605)
(263.912 129.7623 526.3344)(201.5334 127.2607 487.3094)(263.912 190.9834 526.3344)(201.5334 193.3845 487.3094)
(264.6216 129.7737 526.5255)(202.2643 127.3081 487.9946)(264.6216 190.9725 526.5255)(202.2643 193.339 487.9946)
(265.284 129.7839 526.6984)(202.9464 127.3519 488.6298)(265.284 190.9626 526.6984)(202.9464 193.297 488.6298)
(266.0889 129.7959 526.9012)(203.7749 127.4045 489.3957)(266.0889 190.9511 526.9012)(203.7749 193.2465 489.3957)
(266.935 129.808 527.1059)(204.6455 127.4593 490.194)(266.935 190.9395 527.1059)(204.6455 193.1939 490.194)
(267.6728 129.8182 527.2772)(205.4043 127.5064 490.8844)(267.6728 190.9297 527.2772)(205.4043 193.1487 490.8844)
(268.3458 129.8271 527.4277)(206.0963 127.549 491.5094)(268.3458 190.9212 527.4276)(206.0963 193.1078 491.5094)
(269.1908 129.8378 527.6086)(206.9648 127.6019 492.2878)(269.1908 190.9109 527.6086)(206.9648 193.057 492.2878)
(270.0069 129.8476 527.7751)(207.8032 127.6524 493.0326)(270.0069 190.9015 527.7751)(207.8032 193.0086 493.0326)
(270.628 129.8547 527.8962)(208.4411 127.6904 493.595)(270.628 190.8947 527.8962)(208.4411 192.9721 493.595)
(271.4104 129.8633 528.0421)(209.2444 127.7377 494.2979)(271.4104 190.8864 528.0421)(209.2444 192.9267 494.2979)
(272.6575 129.8761 528.259)(210.524 127.8121 495.4053)(272.6575 190.8741 528.259)(210.524 192.8553 495.4053)
(273.4889 129.884 528.3929)(211.3767 127.8609 496.1347)(273.4889 190.8666 528.3929)(211.3767 192.8084 496.1347)
(274.1989 129.8903 528.5004)(212.1046 127.9021 496.752)(274.199 190.8605 528.5004)(212.1046 192.7689 496.752)
(274.9357 129.8965 528.6054)(212.8596 127.9443 497.3869)(274.9357 190.8545 528.6054)(212.8596 192.7284 497.3869)
(275.625 129.9019 528.6976)(213.5657 127.9834 497.9758)(275.625 190.8493 528.6976)(213.5657 192.6908 497.9758)
(276.4105 129.9077 528.7953)(214.37 128.0274 498.6407)(276.4105 190.8438 528.7953)(214.37 192.6486 498.6407)
(277.1073 129.9124 528.8757)(215.0832 128.066 499.2253)(277.1073 190.8393 528.8757)(215.0832 192.6115 499.2253)
(277.7509 129.9165 528.9445)(215.7417 128.1013 499.7605)(277.7509 190.8354 528.9445)(215.7417 192.5777 499.7605)
(278.4343 129.9204 529.0119)(216.4408 128.1384 500.3241)(278.4343 190.8316 529.0119)(216.4408 192.5421 500.3241)
(279.2163 129.9245 529.082)(217.2403 128.1803 500.9629)(279.2163 190.8277 529.082)(217.2403 192.5019 500.9629)
(280.0569 129.9285 529.1487)(218.0994 128.2247 501.6422)(280.0569 190.8239 529.1487)(218.0994 192.4592 501.6422)
(280.7912 129.9314 529.1998)(218.8495 128.263 502.2295)(280.7912 190.821 529.1998)(218.8495 192.4224 502.2295)
(281.4751 129.9339 529.2414)(219.5479 128.2983 502.7711)(281.4751 190.8187 529.2414)(219.5479 192.3886 502.7711)
(282.3119 129.9364 529.2843)(220.4021 128.3409 503.427)(282.3119 190.8163 529.2843)(220.4021 192.3477 503.427)
(283.2803 129.9387 529.3231)(221.3901 128.3895 504.1766)(283.2803 190.8141 529.3231)(221.3901 192.3011 504.1766)
(284.2596 129.9403 529.3503)(222.3886 128.4377 504.924)(284.2596 190.8125 529.3503)(222.3886 192.2547 504.924)
(284.962 129.941 529.3625)(223.1045 128.4718 505.4537)(284.962 190.8118 529.3625)(223.1045 192.222 505.4537)
(286.0582 129.9414 529.3693)(224.2212 128.5243 506.2694)(286.0582 190.8115 529.3693)(224.2212 192.1717 506.2694)
(286.8996 129.9411 529.3642)(225.0778 128.5638 506.8865)(286.8996 190.8118 529.3642)(225.0778 192.1337 506.8865)
(287.6501 129.9404 529.3522)(225.8416 128.5986 507.4302)(287.6501 190.8124 529.3522)(225.8416 192.1004 507.4302)
(288.4696 129.9391 529.3312)(226.6752 128.636 508.0169)(288.4696 190.8136 529.3312)(226.6752 192.0645 508.0169)
(289.2123 129.9376 529.3048)(227.4304 128.6694 508.542)(289.2123 190.8151 529.3048)(227.4304 192.0324 508.542)
(289.9923 129.9356 529.2697)(228.2231 128.704 509.0867)(289.9923 190.8171 529.2697)(228.2231 191.9992 509.0867)
(290.6605 129.9334 529.2336)(228.9019 128.7332 509.548)(290.6605 190.8191 529.2336)(228.9019 191.9711 509.548)
(291.309 129.9311 529.1933)(229.5605 128.7612 509.9908)(291.309 190.8214 529.1933)(229.5605 191.9442 509.9908)
(292.0055 129.9282 529.1441)(230.2674 128.7909 510.4611)(292.0055 190.8242 529.1441)(230.2674 191.9157 510.4611)
(292.7299 129.9248 529.0865)(231.0025 128.8214 510.9443)(292.7299 190.8274 529.0865)(231.0025 191.8865 510.9443)
(293.4221 129.9212 529.0253)(231.7046 128.8501 511.4005)(293.4221 190.8308 529.0253)(231.7046 191.8589 511.4005)
(294.432 129.9153 528.9255)(232.7285 128.8913 512.0562)(294.432 190.8365 528.9255)(232.7285 191.8194 512.0562)
(295.2786 129.9098 528.8319)(233.5862 128.9251 512.5969)(295.2786 190.8418 528.8319)(233.5862 191.7869 512.5969)
(296.0604 129.9043 528.7376)(234.378 128.9559 513.0888)(296.0604 190.8471 528.7376)(234.378 191.7574 513.0888)
(296.9781 129.8972 528.6172)(235.3069 128.9914 513.6573)(296.9781 190.8539 528.6172)(235.3069 191.7234 513.6573)
(297.6761 129.8914 528.5187)(236.0132 129.0179 514.0831)(297.6761 190.8594 528.5187)(236.0132 191.6979 514.0831)
(298.5527 129.8836 528.3864)(236.8996 129.0506 514.6098)(298.5527 190.8669 528.3864)(236.8996 191.6665 514.6098)
(299.4595 129.875 528.2394)(237.8161 129.0838 515.1453)(299.4595 190.8752 528.2394)(237.8161 191.6346 515.1453)
(300.3415 129.866 528.0869)(238.7072 129.1155 515.6569)(300.3415 190.8839 528.0869)(238.7072 191.6042 515.6569)
(301.1003 129.8578 527.9478)(239.4734 129.1422 516.0897)(301.1003 190.8917 527.9478)(239.4734 191.5786 516.0897)
(301.8035 129.8498 527.8126)(240.1831 129.1666 516.4848)(301.8035 190.8994 527.8126)(240.1831 191.5552 516.4848)
(302.5981 129.8403 527.6525)(240.9846 129.1936 516.9243)(302.5981 190.9085 527.6525)(240.9846 191.5292 516.9243)
(304.1521 129.8205 527.3169)(242.5513 129.2451 517.7621)(304.1522 190.9275 527.3169)(242.5513 191.4798 517.7621)
(305.6455 129.7998 526.9664)(244.0555 129.2928 518.5404)(305.6455 190.9474 526.9664)(244.0555 191.434 518.5404)
(306.3605 129.7893 526.789)(244.7751 129.315 518.9036)(306.3605 190.9575 526.789)(244.7751 191.4127 518.9036)
(307.0695 129.7785 526.6068)(245.4884 129.3366 519.2578)(307.0695 190.9679 526.6068)(245.4884 191.392 519.2578)
(307.6917 129.7687 526.442)(246.1141 129.3552 519.5637)(307.6917 190.9772 526.442)(246.1141 191.3741 519.5637)
(308.418 129.7569 526.2434)(246.8443 129.3766 519.9149)(308.418 190.9886 526.2434)(246.8443 191.3536 519.9149)
(309.0362 129.7466 526.0695)(247.4655 129.3945 520.2088)(309.0362 190.9985 526.0694)(247.4655 191.3364 520.2088)
(309.6292 129.7364 525.8981)(248.0612 129.4113 520.4865)(309.6292 191.0082 525.8981)(248.0612 191.3202 520.4865)
(310.4125 129.7225 525.6654)(248.8477 129.4332 520.8467)(310.4125 191.0215 525.6654)(248.8477 191.2993 520.8467)
(311.2996 129.7063 525.3928)(249.738 129.4574 521.2459)(311.2996 191.0371 525.3928)(249.738 191.2761 521.2459)
(312.2322 129.6886 525.0959)(250.6734 129.4821 521.6553)(312.2322 191.0541 525.0959)(250.6734 191.2523 521.6553)
(313.2153 129.6693 524.7717)(251.6589 129.5075 522.0756)(313.2153 191.0726 524.7717)(251.6589 191.228 522.0756)
(314.0692 129.6519 524.4805)(252.5145 129.5289 522.4311)(314.0692 191.0894 524.4805)(252.5145 191.2074 522.4311)
(315.1523 129.6291 524.0987)(253.599 129.5553 522.8694)(315.1523 191.1113 524.0987)(253.599 191.1821 522.8694)
(315.9433 129.6118 523.811)(254.3905 129.574 523.1805)(315.9433 191.1278 523.811)(254.3905 191.1641 523.1805)
(317.1407 129.5849 523.3613)(255.5881 129.6014 523.637)(317.1407 191.1537 523.3613)(255.5881 191.1378 523.637)
(318.7915 129.5459 522.7132)(257.2377 129.6374 524.2378)(318.7915 191.1911 522.7132)(257.2377 191.1033 524.2378)
(319.9838 129.5165 522.2251)(258.4282 129.6621 524.6512)(319.9838 191.2193 522.2251)(258.4282 191.0796 524.6512)
(321.1112 129.4877 521.7482)(259.553 129.6845 525.0261)(321.1112 191.2469 521.7482)(259.553 191.0581 525.0261)
(321.8351 129.4688 521.4341)(260.2749 129.6983 525.2586)(321.8351 191.2651 521.4341)(260.2749 191.0448 525.2586)
(322.6884 129.4459 521.056)(261.1253 129.7142 525.5245)(322.6884 191.2871 521.056)(261.1253 191.0296 525.5245)
(323.3034 129.429 520.7781)(261.738 129.7253 525.7106)(323.3034 191.3033 520.7781)(261.738 191.0189 525.7106)
(323.9167 129.412 520.4968)(262.3488 129.736 525.8917)(323.9167 191.3196 520.4968)(262.3488 191.0086 525.8917)
(324.9655 129.3821 520.0054)(263.3928 129.7538 526.1906)(324.9655 191.3483 520.0054)(263.3928 190.9915 526.1906)
(325.7798 129.3584 519.6151)(264.2029 129.767 526.4135)(325.7798 191.3711 519.6151)(264.2029 190.9789 526.4135)
(326.4249 129.3392 519.3005)(264.8443 129.7771 526.5842)(326.4249 191.3895 519.3005)(264.8443 190.9691 526.5842)
(327.0149 129.3214 519.0086)(265.4308 129.7861 526.736)(327.0149 191.4066 519.0086)(265.4308 190.9605 526.736)
(328.1491 129.2864 518.4361)(266.5577 129.8027 527.0157)(328.1491 191.4402 518.4361)(266.5577 190.9446 527.0157)
(329.3645 129.2478 517.8065)(267.7643 129.8194 527.298)(329.3645 191.4772 517.8065)(267.7643 190.9286 527.298)
(330.4036 129.214 517.2548)(268.7953 129.8328 527.525)(330.4036 191.5097 517.2548)(268.7953 190.9157 527.525)
(331.1365 129.1896 516.8583)(269.5221 129.8418 527.6772)(331.1365 191.5331 516.8583)(269.5221 190.9071 527.6772)
(332.0819 129.1575 516.3381)(270.459 129.8528 527.8637)(332.0819 191.5638 516.3381)(270.459 190.8965 527.8637)
(333.6089 129.1043 515.4764)(271.9714 129.8692 528.142)(333.6089 191.6149 515.4764)(271.9714 190.8807 528.142)
(334.4471 129.0743 514.9924)(272.801 129.8775 528.2827)(334.4471 191.6437 514.9924)(272.801 190.8728 528.2827)
(335.2067 129.0467 514.5472)(273.5524 129.8846 528.4028)(335.2067 191.6702 514.5472)(273.5524 190.866 528.4028)
(336.3333 129.0049 513.8749)(274.6663 129.8943 528.5678)(336.3333 191.7103 513.8749)(274.6663 190.8567 528.5678)
(337.6694 128.9541 513.0596)(275.9864 129.9046 528.7435)(337.6694 191.7591 513.0596)(275.9864 190.8468 528.7435)
(338.4631 128.9232 512.566)(276.7701 129.9102 528.8375)(338.4631 191.7888 512.566)(276.7701 190.8414 528.8375)
(339.217 128.8934 512.0909)(277.5142 129.915 528.9197)(339.2171 191.8173 512.0909)(277.5142 190.8368 528.9197)
(340.3542 128.8477 511.3625)(278.6359 129.9215 529.0307)(340.3542 191.8612 511.3625)(278.6359 190.8306 529.0307)
(341.2613 128.8105 510.7716)(279.5302 129.9261 529.1079)(341.2613 191.8969 510.7715)(279.5302 190.8262 529.1079)
(342.5261 128.7576 509.933)(280.7762 129.9314 529.1989)(342.5261 191.9477 509.933)(280.7762 190.8211 529.1989)
(343.4691 128.7173 509.2966)(281.7047 129.9346 529.254)(343.4691 191.9864 509.2966)(281.7047 190.818 529.254)
(344.4396 128.6751 508.6319)(282.6597 129.9373 529.2996)(344.4396 192.0269 508.6319)(282.6597 190.8154 529.2996)
(345.7172 128.6184 507.7417)(283.9163 129.9398 529.3421)(345.7172 192.0813 507.7417)(283.9163 190.813 529.3421)
(346.5747 128.5797 507.1347)(284.759 129.9408 529.3596)(346.5747 192.1185 507.1347)(284.759 190.812 529.3596)
(347.2924 128.5468 506.6208)(285.4641 129.9413 529.3675)(347.2924 192.1501 506.6208)(285.4641 190.8116 529.3675)
(348.0716 128.5106 506.0569)(286.2293 129.9414 529.369)(348.0716 192.1848 506.0569)(286.2293 190.8115 529.369)
(348.7545 128.4785 505.5575)(286.8996 129.9411 529.3642)(348.7545 192.2156 505.5575)(286.8996 190.8118 529.3642)
(349.4123 128.4473 505.0719)(287.5452 129.9405 529.3543)(349.4123 192.2456 505.0719)(287.5452 190.8123 529.3543)
(350.1618 128.4112 504.5133)(288.2803 129.9395 529.3368)(350.1618 192.2802 504.5133)(288.2803 190.8133 529.3368)
(350.9378 128.3734 503.929)(289.0411 129.938 529.3115)(350.9378 192.3165 503.929)(289.0411 190.8147 529.3115)
(351.6714 128.3373 503.371)(289.7601 129.9362 529.2809)(351.6714 192.3512 503.371)(289.7601 190.8165 529.2809)
(352.4365 128.2991 502.7832)(290.5097 129.9339 529.2422)(352.4365 192.3878 502.7832)(290.5097 190.8186 529.2422)
(353.2022 128.2604 502.1892)(291.2595 129.9313 529.1965)(353.2022 192.425 502.1892)(291.2595 190.8212 529.1965)
(353.7732 128.2313 501.7424)(291.8184 129.929 529.1579)(353.7732 192.4529 501.7424)(291.8184 190.8234 529.1579)
(354.3756 128.2002 501.2675)(292.408 129.9263 529.1129)(354.3757 192.4827 501.2675)(292.408 190.8259 529.1129)
(354.9179 128.172 500.8371)(292.9385 129.9238 529.0687)(354.9179 192.5098 500.837)(292.9385 190.8284 529.0687)
(355.5044 128.1413 500.3682)(293.5121 129.9207 529.017)(355.5044 192.5393 500.3682)(293.5121 190.8313 529.017)
(356.0213 128.1139 499.9522)(294.0175 129.9178 528.968)(356.0213 192.5656 499.9521)(294.0175 190.8341 528.968)
(356.6461 128.0806 499.4459)(294.6282 129.9141 528.9046)(356.6461 192.5976 499.4459)(294.6282 190.8377 528.9046)
(359.1156 127.9457 497.4077)(297.04 129.8967 528.6088)(359.1156 192.727 497.4077)(297.04 190.8544 528.6088)
(361.174 127.8294 495.6645)(299.0481 129.879 528.3074)(361.174 192.8386 495.6644)(299.0481 190.8714 528.3074)
(362.8503 127.7322 494.2155)(300.6818 129.8624 528.0253)(362.8503 192.932 494.2155)(300.6818 190.8873 528.0253)
(363.7297 127.6802 493.4449)(301.5384 129.8528 527.8643)(363.7297 192.9818 493.4449)(301.5384 190.8965 527.8643)
(364.6302 127.6264 492.6485)(302.415 129.8426 527.6901)(364.6302 193.0335 492.6485)(302.415 190.9063 527.6901)
(365.5527 127.5705 491.8249)(303.3127 129.8315 527.5019)(365.5527 193.0872 491.8249)(303.3127 190.917 527.5019)
(366.4115 127.5178 491.0513)(304.1481 129.8206 527.3178)(366.4115 193.1377 491.0513)(304.1481 190.9274 527.3178)
(367.0701 127.477 490.4535)(304.7885 129.8119 527.1708)(367.0701 193.1769 490.4534)(304.7885 190.9358 527.1708)
(368.0472 127.4158 489.5595)(305.7383 129.7984 526.9438)(368.0472 193.2357 489.5595)(305.7383 190.9487 526.9438)
(368.7537 127.371 488.9078)(306.4247 129.7883 526.7728)(368.7537 193.2786 488.9078)(306.4247 190.9584 526.7728)
(369.45 127.3265 488.2611)(307.101 129.778 526.5986)(369.45 193.3214 488.2611)(307.101 190.9683 526.5986)
(370.1058 127.2842 487.6483)(307.7378 129.768 526.4295)(370.1058 193.362 487.6483)(307.7378 190.9779 526.4295)
(370.9861 127.2268 486.8198)(308.5922 129.754 526.1949)(370.9861 193.4171 486.8197)(308.5922 190.9913 526.1949)
(371.781 127.1744 486.0658)(309.3635 129.741 525.9754)(371.781 193.4674 486.0658)(309.3635 191.0038 525.9754)
(372.6176 127.1187 485.2664)(310.175 129.7268 525.7368)(372.6176 193.5209 485.2664)(310.175 191.0175 525.7368)
(373.395 127.0664 484.5182)(310.9287 129.7132 525.5079)(373.395 193.5711 484.5182)(310.9287 191.0305 525.5079)
(376.2543 126.8694 481.7228)(313.6987 129.6595 524.6079)(376.2543 193.7601 481.7228)(313.6987 191.082 524.6079)
(377.8568 126.756 480.1264)(315.2498 129.627 524.0637)(377.8568 193.869 480.1264)(315.2498 191.1133 524.0637)
(380.5597 126.5594 477.3869)(317.8635 129.568 523.0815)(380.5597 194.0576 477.3869)(317.8635 191.1698 523.0815)
(381.4327 126.4946 476.4895)(318.7072 129.5479 522.7471)(381.4327 194.1199 476.4895)(318.7072 191.1891 522.7471)
(382.2853 126.4306 475.6074)(319.5309 129.5278 522.4125)(382.2854 194.1813 475.6074)(319.5309 191.2085 522.4125)
(383.118 126.3675 474.7405)(320.3349 129.5076 522.0782)(383.118 194.2419 474.7405)(320.3349 191.2278 522.0782)
(383.8484 126.3116 473.9756)(321.0401 129.4896 521.7787)(383.8484 194.2955 473.9756)(321.0401 191.2451 521.7787)
(384.4665 126.2639 473.325)(321.6367 129.474 521.5208)(384.4665 194.3413 473.325)(321.6367 191.2601 521.5208)
(385.0318 126.22 472.7276)(322.1823 129.4595 521.2813)(385.0318 194.3835 472.7276)(322.1823 191.274 521.2813)
(385.8374 126.1569 471.872)(322.9594 129.4385 520.9341)(385.8374 194.444 471.872)(322.9594 191.2942 520.9341)
(386.5782 126.0984 471.0809)(323.6739 129.4188 520.6087)(386.5782 194.5001 471.0809)(323.6739 191.3131 520.6087)
(387.1972 126.0491 470.4167)(324.2707 129.402 520.3323)(387.1972 194.5474 470.4167)(324.2707 191.3292 520.3323)
(387.7841 126.0021 469.7844)(324.8365 129.3858 520.0665)(387.7841 194.5926 469.7844)(324.8365 191.3447 520.0665)
(388.4431 125.9489 469.0713)(325.4716 129.3674 519.7637)(388.4431 194.6436 469.0713)(325.4716 191.3624 519.7637)
(389.0837 125.8968 468.3751)(326.089 129.3492 519.4649)(389.0837 194.6937 468.3751)(326.089 191.3799 519.4649)
(389.5656 125.8573 467.8493)(326.5533 129.3353 519.2372)(389.5656 194.7315 467.8493)(326.5533 191.3932 519.2372)
(390.1871 125.8062 467.1689)(327.152 129.3172 518.9401)(390.1871 194.7807 467.1689)(327.152 191.4106 518.9401)
(390.8156 125.754 466.478)(327.7572 129.2986 518.6356)(390.8156 194.8307 466.478)(327.7572 191.4285 518.6356)
(391.411 125.7043 465.8208)(328.3306 129.2807 518.3432)(391.411 194.8784 465.8208)(328.3306 191.4456 518.3432)
(391.9807 125.6564 465.1898)(328.879 129.2634 518.06)(391.9807 194.9244 465.1897)(328.879 191.4622 518.06)
(392.5746 125.6062 464.5293)(329.4507 129.2451 517.7612)(392.5746 194.9726 464.5293)(329.4507 191.4798 517.7612)
(393.1099 125.5606 463.932)(329.9658 129.2283 517.4887)(393.1099 195.0163 463.932)(329.9658 191.4959 517.4887)
(393.8185 125.4999 463.1381)(330.6477 129.2059 517.1234)(393.8186 195.0747 463.1381)(330.6477 191.5174 517.1234)
(394.4377 125.4464 462.4417)(331.2433 129.186 516.8)(394.4377 195.126 462.4417)(331.2433 191.5365 516.8)
(395.0917 125.3895 461.7032)(331.8724 129.1647 516.4542)(395.0917 195.1806 461.7032)(331.8724 191.557 516.4542)
(395.6569 125.3401 461.0627)(332.4159 129.1461 516.1518)(395.6569 195.228 461.0627)(332.4159 191.5749 516.1518)
(396.1976 125.2924 460.4478)(332.9358 129.128 515.8594)(396.1976 195.2737 460.4478)(332.9358 191.5922 515.8594)
(396.7497 125.2435 459.8181)(333.4666 129.1094 515.5579)(396.7497 195.3207 459.8181)(333.4666 191.6101 515.5579)
(397.4514 125.1809 459.0146)(334.1411 129.0853 515.17)(397.4514 195.3808 459.0146)(334.1411 191.6331 515.17)
(397.9883 125.1327 458.3977)(334.6571 129.0668 514.8699)(397.9884 195.427 458.3977)(334.6571 191.651 514.8699)
(398.5375 125.0831 457.7647)(335.1848 129.0475 514.5601)(398.5375 195.4746 457.7647)(335.1848 191.6694 514.5601)
(399.0356 125.0379 457.1888)(335.6634 129.0299 514.2763)(399.0356 195.5181 457.1888)(335.6634 191.6864 514.2763)
(399.6467 124.9821 456.4802)(336.2505 129.008 513.9247)(399.6467 195.5717 456.4802)(336.2505 191.7074 513.9247)
(400.3409 124.9182 455.6722)(336.9173 128.9829 513.5209)(400.3409 195.6329 455.6722)(336.9173 191.7315 513.5209)
(400.8674 124.8695 455.0574)(337.4229 128.9635 513.2115)(400.8675 195.6797 455.0574)(337.4229 191.75 513.2115)
(401.4407 124.8161 454.3859)(337.9734 128.9423 512.8713)(401.4407 195.731 454.3859)(337.9734 191.7704 512.8713)
(402.0382 124.7601 453.6839)(338.5471 128.9199 512.5134)(402.0382 195.7847 453.6839)(338.5471 191.7919 512.5134)
(402.6336 124.7039 452.982)(339.1188 128.8974 512.1531)(402.6336 195.8386 452.982)(339.1188 191.8136 512.1531)
(403.2393 124.6464 452.2657)(339.7003 128.8741 511.7831)(403.2393 195.8938 452.2657)(339.7003 191.8359 511.7831)
(403.7451 124.5982 451.6659)(340.1857 128.8546 511.4714)(403.7451 195.9402 451.6659)(340.1857 191.8547 511.4714)
(404.3036 124.5445 451.0017)(340.7216 128.8327 511.1242)(404.3036 195.9916 451.0017)(340.7216 191.8756 511.1242)
(404.8756 124.4893 450.3195)(341.2705 128.8102 510.7655)(404.8756 196.0446 450.3195)(341.2705 191.8973 510.7655)
(405.3927 124.4391 449.7011)(341.7667 128.7895 510.4385)(405.3927 196.0928 449.7011)(341.7667 191.9171 510.4385)
(406.0112 124.3787 448.9593)(342.3601 128.7646 510.0439)(406.0112 196.1508 448.9592)(342.3601 191.941 510.0439)
(406.5764 124.3232 448.2793)(342.9023 128.7416 509.6802)(406.5764 196.2041 448.2793)(342.9023 191.9631 509.6802)
(407.2612 124.2554 447.453)(343.5592 128.7134 509.2353)(407.2612 196.2691 447.453)(343.5592 191.9901 509.2353)
(407.777 124.2041 446.8288)(344.0539 128.692 508.8972)(407.777 196.3184 446.8288)(344.0539 192.0107 508.8972)
(408.3397 124.1478 446.146)(344.5935 128.6684 508.5255)(408.3397 196.3725 446.146)(344.5935 192.0334 508.5255)
(409.0652 124.0747 445.2629)(345.2893 128.6376 508.0417)(409.0652 196.4426 445.2629)(345.2893 192.063 508.0417)
(409.6578 124.0146 444.5394)(345.8575 128.6121 507.6429)(409.6578 196.5003 444.5394)(345.8575 192.0874 507.6429)
(410.1618 123.9632 443.9225)(346.3407 128.5903 507.3011)(410.1618 196.5496 443.9225)(346.3407 192.1083 507.3011)
(410.7867 123.8991 443.1555)(346.9398 128.563 506.8739)(410.7867 196.6111 443.1555)(346.9398 192.1345 506.8739)
(411.3819 123.8377 442.423)(347.5104 128.5367 506.4637)(411.3819 196.6701 442.423)(347.5104 192.1597 506.4637)
(412.089 123.7642 441.5502)(348.1882 128.5052 505.9719)(412.089 196.7406 441.5502)(348.1882 192.19 505.9719)
(412.8155 123.6882 440.6505)(348.8846 128.4724 505.4618)(412.8155 196.8136 440.6505)(348.8846 192.2215 505.4618)
(413.4184 123.6247 439.9016)(349.4625 128.4449 505.0347)(413.4184 196.8745 439.9016)(349.4625 192.2479 505.0347)
(414.003 123.5627 439.1736)(350.0227 128.4179 504.6174)(414.003 196.934 439.1736)(350.0227 192.2737 504.6174)
(414.981 123.4583 437.9517)(350.96 128.3723 503.9122)(414.981 197.0343 437.9517)(350.96 192.3175 503.9122)
(415.5859 123.3931 437.1932)(351.5397 128.3438 503.4715)(415.5859 197.0968 437.1932)(351.5397 192.3449 503.4715)
(416.2162 123.3248 436.4008)(352.1437 128.3138 503.0089)(416.2162 197.1623 436.4008)(352.1437 192.3737 503.0089)
(416.8625 123.2544 435.5863)(352.7629 128.2827 502.5307)(416.8625 197.2299 435.5863)(352.7629 192.4036 502.5307)
(417.5392 123.1801 434.7311)(353.4113 128.2498 502.026)(417.5392 197.3012 434.7311)(353.4113 192.4352 502.026)
(418.1024 123.118 434.0174)(353.951 128.2221 501.6026)(418.1024 197.3609 434.0174)(353.951 192.4617 501.6026)
(418.6981 123.0518 433.2608)(354.5218 128.1926 501.1518)(418.6981 197.4244 433.2608)(354.5218 192.49 501.1518)
(419.4588 122.9668 432.2921)(355.2507 128.1546 500.5714)(419.4588 197.506 432.292)(355.2507 192.5265 500.5714)
(420.3851 122.8623 431.1085)(356.1382 128.1077 499.8577)(420.3851 197.6063 431.1085)(356.1382 192.5715 499.8577)
(421.1847 122.7714 430.0834)(356.9043 128.0667 499.2355)(421.1847 197.6935 430.0834)(356.9043 192.6109 499.2355)
(421.8271 122.6979 429.2574)(357.5198 128.0334 498.7314)(421.8271 197.7641 429.2574)(357.5198 192.6428 498.7314)
(422.5197 122.6181 428.3647)(358.1835 127.9972 498.1838)(422.5197 197.8407 428.3647)(358.1835 192.6776 498.1838)
(423.4406 122.5111 427.1742)(359.0659 127.9484 497.4493)(423.4406 197.9434 427.1742)(359.0659 192.7244 497.4493)
(424.0916 122.4349 426.33)(359.6898 127.9136 496.9255)(424.0916 198.0166 426.33)(359.6898 192.7578 496.9255)
(424.7732 122.3546 425.4442)(360.3429 127.8768 496.3731)(424.7732 198.0936 425.4442)(360.3429 192.7932 496.3731)
(425.5135 122.2667 424.4794)(361.0524 127.8364 495.7685)(425.5135 198.1779 424.4794)(361.0524 192.832 495.7685)
(426.3059 122.172 423.4441)(361.8118 127.7927 495.1162)(426.3059 198.2689 423.4441)(361.8118 192.8739 495.1162)
(426.8706 122.1041 422.7045)(362.353 127.7613 494.648)(426.8706 198.3341 422.7045)(362.353 192.9041 494.648)
(427.5089 122.0269 421.8668)(362.9648 127.7254 494.1156)(427.5089 198.4082 421.8668)(362.9648 192.9384 494.1156)
(428.2765 121.9333 420.8568)(363.7006 127.682 493.4705)(428.2765 198.498 420.8568)(363.7006 192.9802 493.4705)
(429.0872 121.8338 419.7871)(364.4779 127.6355 492.7837)(429.0872 198.5935 419.7871)(364.4779 193.0247 492.7837)
(429.8934 121.734 418.7207)(365.2508 127.5888 492.0952)(429.8934 198.6893 418.7207)(365.2508 193.0695 492.0952)
(430.5734 121.6493 417.819)(365.9028 127.5491 491.5103)(430.5734 198.7706 417.819)(365.9028 193.1077 491.5103)
(431.3195 121.5557 416.8272)(366.6183 127.505 490.864)(431.3195 198.8605 416.8272)(366.6183 193.15 490.864)
(432.2702 121.4354 415.56)(367.5303 127.4483 490.0335)(432.2702 198.9759 415.56)(367.5303 193.2045 490.0335)
(433.0323 121.3382 414.5414)(368.2614 127.4023 489.3624)(433.0323 199.0692 414.5414)(368.2614 193.2486 489.3624)
(433.856 121.2323 413.4378)(369.0516 127.352 488.6316)(433.856 199.1709 413.4378)(369.0516 193.2969 488.6316)
(434.7799 121.1125 412.1966)(369.9383 127.295 487.8052)(434.7799 199.2858 412.1966)(369.9383 193.3516 487.8052)
(435.5722 121.009 411.1293)(370.6987 127.2456 487.0909)(435.5722 199.3852 411.1293)(370.6987 193.399 487.0909)
(436.2501 120.9198 410.2142)(371.3495 127.2029 486.4757)(436.2501 199.4708 410.2142)(371.3495 193.44 486.4757)
(436.9187 120.8312 409.3098)(371.9915 127.1604 485.8652)(436.9187 199.5558 409.3097)(371.9915 193.4808 485.8652)
(437.6122 120.7388 408.3697)(372.6576 127.116 485.2281)(437.6122 199.6446 408.3697)(372.6576 193.5234 485.2281)
(438.4064 120.6321 407.291)(373.4204 127.0646 484.4938)(438.4064 199.7469 407.291)(373.4204 193.5727 484.4938)
(439.3686 120.5018 405.9807)(374.3449 127.0017 483.5971)(439.3686 199.872 405.9807)(374.3449 193.6331 483.5971)
(440.1128 120.4002 404.9647)(375.0602 126.9525 482.8985)(440.1128 199.9695 404.9646)(375.0602 193.6803 482.8985)
(440.9336 120.2874 403.8418)(375.8492 126.8978 482.123)(440.9336 200.0779 403.8418)(375.8492 193.7329 482.123)
(441.6389 120.1896 402.8749)(376.5274 126.8503 481.4522)(441.6389 200.1716 402.8749)(376.5274 193.7785 481.4522)
(442.4028 120.0831 401.8255)(377.2623 126.7983 480.7212)(442.4028 200.274 401.8255)(377.2623 193.8283 480.7212)
(443.078 119.9882 400.8961)(377.9119 126.752 480.0712)(443.078 200.365 400.8961)(377.9119 193.8728 480.0712)
(443.8228 119.8829 399.869)(378.6288 126.7005 479.35)(443.8228 200.4661 399.869)(378.6288 193.9222 479.35)
(445.1754 119.6896 397.9986)(379.9311 126.6057 478.0292)(445.1754 200.6516 397.9986)(379.9311 194.0132 478.0292)
(446.1921 119.5427 396.5884)(380.9106 126.5334 477.0269)(446.1921 200.7926 396.5884)(380.9106 194.0826 477.0269)
(447.2225 119.3924 395.1555)(381.9037 126.4593 476.003)(447.2225 200.9369 395.1555)(381.9037 194.1537 476.003)
(448.0676 119.268 393.9775)(382.7185 126.3978 475.157)(448.0676 201.0563 393.9775)(382.7185 194.2128 475.157)
(449.1331 119.1097 392.4886)(383.7466 126.3194 474.0824)(449.1332 201.2082 392.4886)(383.7466 194.288 474.0824)
(450.0118 118.9779 391.2581)(384.5947 126.254 473.1898)(450.0118 201.3347 391.2581)(384.5947 194.3508 473.1898)
(450.8523 118.8509 390.0785)(385.4064 126.1907 472.3304)(450.8523 201.4567 390.0785)(385.4064 194.4115 472.3304)
(451.7294 118.7172 388.8449)(386.2539 126.1241 471.4276)(451.7294 201.585 388.8449)(386.2539 194.4755 471.4276)
(452.494 118.5997 387.7678)(386.993 126.0654 470.6361)(452.494 201.6978 387.7677)(386.993 194.5318 470.6361)
(453.3737 118.4635 386.5258)(387.8439 125.9973 469.7198)(453.3737 201.8285 386.5258)(387.8439 194.5972 469.7198)
(454.1507 118.3422 385.427)(388.5957 125.9365 468.9057)(454.1507 201.9449 385.4269)(388.5957 194.6555 468.9057)
(454.9542 118.2158 384.2885)(389.3737 125.8731 468.0589)(454.9542 202.0662 384.2885)(389.3737 194.7164 468.0589)
(455.6656 118.1031 383.2788)(390.0629 125.8164 467.3051)(455.6656 202.1744 383.2787)(390.0629 194.7708 467.3051)
(457.1898 117.859 381.1102)(391.5406 125.6934 465.6775)(457.1898 202.4087 381.1102)(391.5406 194.8889 465.6775)
(459.8733 117.4204 377.2745)(394.1465 125.4716 462.7695)(459.8733 202.8297 377.2745)(394.1465 195.1018 462.7695)
(461.2963 117.1832 375.2317)(395.5308 125.3511 461.2058)(461.2963 203.0574 375.2317)(395.5308 195.2174 461.2058)
(462.6533 116.9538 373.278)(396.8524 125.2344 459.7006)(462.6533 203.2776 373.2779)(396.8524 195.3295 459.7006)
(463.6211 116.7884 371.8814)(397.7959 125.15 458.619)(463.6211 203.4363 371.8814)(397.7959 195.4104 458.619)
(465.1527 116.5234 369.6654)(399.291 125.0146 456.8929)(465.1527 203.6907 369.6654)(399.291 195.5404 456.8929)
(466.4128 116.3023 367.8372)(400.5228 124.9014 455.4601)(466.4128 203.9029 367.8372)(400.5228 195.6491 455.4601)
(467.5389 116.1024 366.1994)(401.6251 124.7988 454.1695)(467.5389 204.0948 366.1993)(401.6251 195.7475 454.1695)
(468.8346 115.8696 364.3106)(402.8949 124.6792 452.6732)(468.8346 204.3182 364.3106)(402.8949 195.8624 452.6732)
(469.7774 115.6984 362.9332)(403.8202 124.591 451.5768)(469.7774 204.4826 362.9332)(403.8202 195.947 451.5768)
(470.5931 115.5489 361.7395)(404.6215 124.5139 450.6228)(470.5932 204.6261 361.7395)(404.6215 196.021 450.6228)
(471.3869 115.4022 360.5761)(405.402 124.4382 449.69)(471.3869 204.7668 360.5761)(405.402 196.0937 449.69)
(472.2907 115.2338 359.2493)(406.2917 124.3512 448.6221)(472.2907 204.9285 359.2493)(406.2917 196.1772 448.6221)
(473.108 115.0802 358.0475)(407.097 124.2717 447.6514)(473.108 205.0759 358.0475)(407.097 196.2535 447.6514)
(474.1207 114.8881 356.5557)(408.0962 124.1722 446.4417)(474.1207 205.2603 356.5557)(408.0962 196.349 446.4417)
(474.8609 114.7464 355.4636)(408.8274 124.0987 445.5527)(474.8609 205.3963 355.4636)(408.8274 196.4195 445.5527)
(475.8408 114.5572 354.0153)(409.7966 124.0005 444.3697)(475.8408 205.578 354.0153)(409.7966 196.5138 444.3697)
(476.7896 114.3722 352.6105)(410.7362 123.9043 443.2175)(476.7896 205.7555 352.6105)(410.7362 196.6062 443.2175)
(477.5416 114.2242 351.4953)(411.4819 123.8273 442.2997)(477.5416 205.8976 351.4953)(411.4819 196.6801 442.2997)
(478.3086 114.0721 350.3563)(412.2434 123.7481 441.3592)(478.3086 206.0435 350.3563)(412.2434 196.7561 441.3592)
(479.1574 113.9024 349.0937)(413.0872 123.6596 440.3133)(479.1574 206.2064 349.0937)(413.0872 196.841 440.3133)
(479.847 113.7634 348.0666)(413.7734 123.5871 439.4597)(479.847 206.3398 348.0666)(413.7734 196.9106 439.4597)
(480.9235 113.5444 346.4604)(414.8465 123.4727 438.12)(480.9235 206.55 346.4604)(414.8465 197.0204 438.12)
(481.9983 113.3233 344.8536)(415.9196 123.357 436.774)(481.9983 206.7623 344.8536)(415.9196 197.1314 436.774)
(482.8992 113.136 343.5042)(416.8207 123.259 435.639)(482.8992 206.942 343.5042)(416.8207 197.2256 435.639)
(483.6127 112.9864 342.4337)(417.5355 123.1805 434.7357)(483.6127 207.0856 342.4337)(417.5355 197.3008 434.7357)
(484.397 112.8206 341.2553)(418.3223 123.0936 433.7383)(484.397 207.2448 341.2553)(418.3223 197.3843 433.7383)
(485.4217 112.6019 339.7131)(419.3519 122.9787 432.4283)(485.4217 207.4547 339.7131)(419.3519 197.4946 432.4283)
(486.2715 112.4187 338.4319)(420.2074 122.8825 431.3359)(486.2715 207.6306 338.4319)(420.2074 197.587 431.3359)
(487.1468 112.2282 337.11)(421.09 122.7822 430.2049)(487.1468 207.8134 337.11)(421.09 197.6832 430.2049)
(487.8225 112.0798 336.0878)(421.7726 122.7041 429.3277)(487.8225 207.9558 336.0878)(421.7726 197.7581 429.3277)
(488.5995 111.9079 334.9109)(422.5584 122.6136 428.3147)(488.5995 208.1208 334.9109)(422.5584 197.845 428.3147)
(489.3796 111.7338 333.7274)(423.3489 122.5218 427.2929)(489.3796 208.2879 333.7274)(423.3489 197.9332 427.2929)
(490.1134 111.5687 332.6124)(424.0937 122.4346 426.3274)(490.1134 208.4465 332.6124)(424.0937 198.0168 426.3274)
(490.8576 111.3998 331.4799)(424.8502 122.3455 425.3439)(490.8576 208.6086 331.4799)(424.8502 198.1024 425.3439)
(491.6987 111.2072 330.1979)(425.7069 122.2437 424.2271)(491.6987 208.7934 330.1979)(425.7069 198.2 424.2271)
(493.1187 110.8779 328.0284)(427.157 122.0695 422.3287)(493.1187 209.1095 328.0284)(427.157 198.3673 422.3287)
(494.3715 110.5829 326.1089)(428.4406 121.9132 420.6404)(494.3715 209.3927 326.1089)(428.4406 198.5172 420.6404)
(495.2483 110.3739 324.7625)(429.3415 121.8024 419.4511)(495.2483 209.5933 324.7625)(429.3415 198.6236 419.4511)
(496.1277 110.162 323.4093)(430.2471 121.69 418.2519)(496.1277 209.7966 323.4093)(430.2471 198.7315 418.2519)
(496.9648 109.9584 322.1189)(431.1111 121.5819 417.1044)(496.9648 209.9921 322.1188)(431.1111 198.8353 417.1044)
(497.8362 109.7442 320.7728)(432.0129 121.4681 415.9034)(497.8362 210.1977 320.7728)(432.0129 198.9446 415.9034)
(498.8498 109.4922 319.2038)(433.0644 121.3341 414.4985)(498.8498 210.4395 319.2038)(433.0644 199.0732 414.4985)
(499.6358 109.2947 317.9845)(433.8821 121.2289 413.4028)(499.6358 210.6291 317.9845)(433.8821 199.1741 413.4028)
(500.4082 109.0988 316.7839)(434.6875 121.1246 412.3208)(500.4082 210.8172 316.7839)(434.6875 199.2743 412.3208)
(501.1689 108.904 315.5995)(435.4826 121.0208 411.2502)(501.1689 211.0041 315.5995)(435.4826 199.3739 411.2502)
(501.8744 108.7217 314.4989)(436.2218 120.9235 410.2524)(501.8744 211.1791 314.4989)(436.2218 199.4672 410.2524)
(502.5569 108.5438 313.4323)(436.9384 120.8286 409.2829)(502.5569 211.3499 313.4323)(436.9384 199.5583 409.2829)
(503.0989 108.4015 312.5841)(437.5087 120.7526 408.5102)(503.0989 211.4865 312.5841)(437.5087 199.6313 408.5102)
(503.7853 108.2197 311.508)(438.2325 120.6556 407.5274)(503.7853 211.6609 311.508)(438.2325 199.7245 407.5274)
(504.5665 108.011 310.2809)(439.0583 120.544 406.4036)(504.5665 211.8613 310.2809)(439.0583 199.8315 406.4036)
(505.2716 107.8208 309.171)(439.8057 120.4423 405.3842)(505.2716 212.0438 309.171)(439.8057 199.9292 405.3842)
(505.9319 107.6411 308.1298)(440.5073 120.3461 404.4254)(505.9319 212.2163 308.1298)(440.5073 200.0215 404.4254)
(506.518 107.4803 307.204)(441.1315 120.26 403.5706)(506.518 212.3707 307.204)(441.1315 200.1041 403.5706)
(507.1621 107.3021 306.1848)(441.819 120.1646 402.6276)(507.1621 212.5417 306.1848)(441.819 200.1957 402.6276)
(507.7803 107.1297 305.2045)(442.4807 120.0722 401.7184)(507.7803 212.7072 305.2045)(442.4807 200.2844 401.7184)
(508.5658 106.9085 303.9565)(443.3236 119.9535 400.5576)(508.5658 212.9195 303.9565)(443.3236 200.3983 400.5576)
(509.3865 106.6749 302.6494)(444.2072 119.8282 399.3381)(509.3865 213.1437 302.6494)(444.2072 200.5186 399.3381)
(510.2693 106.4207 301.2397)(445.161 119.6917 398.0185)(510.2693 213.3877 301.2397)(445.161 200.6496 398.0185)
(510.8908 106.2398 300.2448)(445.8348 119.5945 397.0845)(510.8908 213.5613 300.2448)(445.8348 200.7429 397.0845)
(511.5602 106.0432 299.1707)(446.5626 119.4888 396.0735)(511.5603 213.75 299.1707)(446.5626 200.8443 396.0735)
(512.2321 105.8441 298.0907)(447.2951 119.3818 395.0544)(512.2321 213.9412 298.0907)(447.2951 200.9471 395.0544)
(513.1525 105.5681 296.6065)(448.3026 119.2332 393.6495)(513.1525 214.2061 296.6065)(448.3026 201.0897 393.6495)
(514.03 105.3015 295.187)(449.2673 119.0897 392.301)(514.0301 214.462 295.187)(449.2673 201.2275 392.301)
(514.8408 105.0522 293.8715)(450.1621 118.9553 391.0472)(514.8408 214.7013 293.8715)(450.1621 201.3564 391.0472)
(515.7135 104.7804 292.4509)(451.1296 118.8087 389.6888)(515.7135 214.9621 292.4508)(451.1296 201.4971 389.6888)
(516.5091 104.5295 291.1515)(452.0154 118.6733 388.4423)(516.5091 215.203 291.1515)(452.0154 201.6271 388.4423)
(517.596 104.1817 289.3694)(453.2319 118.4855 386.7263)(517.596 215.5368 289.3694)(453.2319 201.8074 386.7263)
(518.3244 103.9454 288.1708)(454.0511 118.3578 385.5678)(518.3244 215.7636 288.1708)(454.0511 201.93 385.5678)
(519.5686 103.5353 286.1142)(455.4588 118.1359 383.5724)(519.5686 216.1573 286.1142)(455.4588 202.1429 383.5724)
(520.3077 103.2877 284.887)(456.3 118.0019 382.377)(520.3077 216.3949 284.887)(456.3 202.2715 382.377)
(521.0715 103.0288 283.6143)(457.1733 117.8617 381.1336)(521.0715 216.6434 283.6143)(457.1733 202.4061 381.1336)
(522.2339 102.6282 281.668)(458.511 117.6445 379.2245)(522.2339 217.0279 281.668)(458.511 202.6146 379.2245)
(523.3848 102.2237 279.7294)(459.8457 117.425 377.3141)(523.3848 217.4162 279.7294)(459.8457 202.8253 377.3141)
(524.5489 101.8061 277.7562)(461.2069 117.1981 375.3602)(524.5489 217.817 277.7562)(461.2069 203.043 375.3602)
(525.3387 101.5178 276.41)(462.1371 117.0414 374.0218)(525.3387 218.0937 276.4099)(462.1371 203.1935 374.0218)
(527.3484 100.7648 272.9546)(464.5305 116.6315 370.5663)(527.3484 218.8165 272.9546)(464.5305 203.5869 370.5663)
(529.0639 100.0986 269.9686)(466.6058 116.2682 367.5567)(529.0639 219.456 269.9686)(466.6058 203.9356 367.5567)
(529.9342 99.75175 268.4398)(467.6709 116.0788 366.0072)(529.9342 219.7889 268.4398)(467.6709 204.1174 366.0072)
(530.6942 99.44371 267.0965)(468.6083 115.9105 364.6409)(530.6942 220.0845 267.0965)(468.6083 204.2789 364.6409)
(531.4904 99.11559 265.6803)(469.5981 115.7311 363.1955)(531.4904 220.3995 265.6803)(469.5981 204.4512 363.1955)
(532.1144 98.85445 264.5639)(470.3794 115.5882 362.0525)(532.1144 220.6501 264.5639)(470.3794 204.5884 362.0525)
(532.7394 98.58924 263.4397)(471.1672 115.4429 360.8983)(532.7394 220.9047 263.4397)(471.1672 204.7278 360.8983)
(533.3055 98.34581 262.4161)(471.8853 115.3095 359.8447)(533.3055 221.1384 262.4161)(471.8853 204.8558 359.8447)
(533.8488 98.10911 261.4284)(472.5791 115.1797 358.8254)(533.8489 221.3656 261.4284)(472.5791 204.9804 358.8254)
(534.4283 97.85333 260.3696)(473.3237 115.0394 357.7299)(534.4283 221.6111 260.3696)(473.3237 205.1151 357.7299)
(534.9132 97.63658 259.4789)(473.9508 114.9204 356.8061)(534.9133 221.8191 259.4789)(473.9508 205.2293 356.8061)
(535.4061 97.41357 258.5688)(474.5923 114.7979 355.8601)(535.4061 222.0332 258.5688)(474.5923 205.3468 355.8601)
(535.8754 97.19862 257.6977)(475.2068 114.6798 354.9525)(535.8754 222.2395 257.6977)(475.2068 205.4602 354.9525)
(536.3795 96.96501 256.7576)(475.8709 114.5513 353.9709)(536.3795 222.4637 256.7576)(475.8709 205.5835 353.9709)
(536.8237 96.75658 255.9246)(476.4598 114.4367 353.0991)(536.8237 222.6638 255.9246)(476.4598 205.6936 353.0991)
(537.4343 96.466 254.7722)(477.2755 114.2767 351.89)(537.4343 222.9427 254.7722)(477.2755 205.8472 351.89)
(538.0848 96.15115 253.5352)(478.1524 114.1032 350.5883)(538.0848 223.2449 253.5352)(478.1524 206.0137 350.5883)
(538.6757 95.86023 252.4029)(478.9563 113.9428 349.3931)(538.6757 223.5241 252.4029)(478.9563 206.1677 349.3931)
(539.2343 95.58069 251.3244)(479.723 113.7885 348.2514)(539.2343 223.7924 251.3244)(479.723 206.3158 348.2514)
(540.0166 95.1814 249.7997)(480.8086 113.5679 346.632)(540.0165 224.1757 249.7997)(480.8086 206.5275 346.632)
(540.7546 94.79594 248.3454)(481.846 113.3548 345.0813)(540.7546 224.5457 248.3454)(481.846 206.7321 345.0813)
(541.33 94.48914 247.1998)(482.6645 113.185 343.8557)(541.33 224.8402 247.1998)(482.6645 206.895 343.8557)
(541.9113 94.17339 246.0318)(483.5002 113.0101 342.6024)(541.9113 225.1432 246.0318)(483.5002 207.0629 342.6024)
(542.425 93.88913 244.9897)(484.2469 112.8525 341.481)(542.425 225.4161 244.9897)(484.2469 207.2142 341.481)
(542.9659 93.58443 243.8824)(485.0413 112.6834 340.286)(542.9659 225.7085 243.8824)(485.0413 207.3765 340.286)
(543.6683 93.17982 242.4274)(486.0868 112.4586 338.7104)(543.6683 226.0969 242.4274)(486.0868 207.5922 338.7104)
(545.4592 92.09811 238.6215)(488.8307 111.8565 334.5602)(545.4592 227.1352 238.6215)(488.8307 208.1702 334.5602)
(545.9611 91.78056 237.5268)(489.6224 111.6793 333.3586)(545.9611 227.44 237.5267)(489.6224 208.3402 333.3586)
(546.7567 91.26279 235.7632)(490.9 111.3901 331.4153)(546.7567 227.937 235.7632)(490.9 208.6178 331.4153)
(547.356 90.86006 234.4096)(491.8826 111.1649 329.9173)(547.356 228.3235 234.4096)(491.8826 208.834 329.9173)
(548.1166 90.33176 232.6571)(493.1571 110.8689 327.9696)(548.1166 228.8306 232.6571)(493.1571 209.1181 327.9696)
(548.8609 89.79408 230.9003)(494.4375 110.5672 326.0076)(548.8609 229.3467 230.9003)(494.4375 209.4077 326.0076)
(549.4894 89.32255 229.3813)(495.5468 110.3022 324.3033)(549.4894 229.7993 229.3813)(495.5468 209.6621 324.3033)
(550.0955 88.85074 227.8814)(496.6443 110.0366 322.6132)(550.0955 230.2522 227.8814)(496.6443 209.917 322.6132)
(550.5642 88.47334 226.6956)(497.5132 109.8238 321.272)(550.5642 230.6144 226.6956)(497.5132 210.1212 321.272)
(550.9456 88.15733 225.7121)(498.2349 109.6455 320.1561)(550.9456 230.9177 225.7121)(498.2349 210.2924 320.1561)
(551.3394 87.82198 224.6777)(498.9948 109.4559 318.979)(551.3394 231.2396 224.6777)(498.9948 210.4743 318.979)
(551.6824 87.5218 223.7599)(499.6698 109.2861 317.9316)(551.6824 231.5277 223.7599)(499.6698 210.6373 317.9316)
(552.0182 87.22005 222.8447)(500.3436 109.1153 316.8844)(552.0182 231.8174 222.8447)(500.3436 210.8014 316.8844)
(552.2742 86.98447 222.1354)(500.8663 108.9817 316.0709)(552.2742 232.0435 222.1354)(500.8663 210.9296 316.0709)
(552.6342 86.64405 221.1184)(501.6165 108.7885 314.9015)(552.6342 232.3702 221.1184)(501.6165 211.115 314.9015)
(552.9475 86.33872 220.2142)(502.2842 108.6151 313.8587)(552.9475 232.6633 220.2142)(502.2842 211.2815 313.8587)
(553.2657 86.01923 219.2758)(502.9779 108.4333 312.7736)(553.2657 232.97 219.2758)(502.9779 211.4559 312.7736)
(553.5851 85.68774 218.3107)(503.692 108.2445 311.6544)(553.5851 233.2881 218.3107)(503.692 211.6371 311.6544)
(553.9371 85.30915 217.2188)(504.5009 108.0286 310.3841)(553.9371 233.6515 217.2188)(504.5009 211.8443 310.3841)
(554.2429 84.96718 216.2418)(505.2254 107.8333 309.2439)(554.2429 233.9798 216.2417)(505.2254 212.0318 309.2439)
(554.4868 84.68493 215.442)(505.819 107.6719 308.308)(554.4868 234.2507 215.442)(505.819 212.1867 308.308)
(554.6893 84.44373 214.7632)(506.3232 107.5339 307.5119)(554.6893 234.4822 214.7632)(506.3232 212.3192 307.5119)
(554.9211 84.15895 213.9673)(506.9148 107.3707 306.5762)(554.9211 234.7556 213.9673)(506.9148 212.4758 306.5762)
(555.1443 83.87519 213.1801)(507.5005 107.2079 305.6485)(555.1443 235.0279 213.1801)(507.5005 212.6321 305.6485)
(555.3559 83.59676 212.4132)(508.0713 107.048 304.7426)(555.3559 235.2952 212.4132)(508.0713 212.7856 304.7426)
(555.6063 83.25384 211.4763)(508.7693 106.8508 303.6327)(555.6063 235.6243 211.4763)(508.7693 212.9749 303.6327)
(555.7821 83.00348 210.7975)(509.2755 106.7066 302.8265)(555.7822 235.8646 210.7975)(509.2755 213.1133 302.8265)
(555.9849 82.70363 209.9902)(509.8778 106.5338 301.8655)(555.9849 236.1524 209.9902)(509.8778 213.2792 301.8655)
(556.2315 82.32053 208.9677)(510.6412 106.3126 300.6447)(556.2315 236.5201 208.9677)(510.6412 213.4914 300.6447)
(556.4576 81.94862 207.9846)(511.3758 106.0975 299.467)(556.4576 236.8771 207.9846)(511.3758 213.6979 299.467)
(556.6485 81.61681 207.1153)(512.0259 105.9054 298.4224)(556.6485 237.1956 207.1153)(512.0259 213.8823 298.4224)
(556.8261 81.29039 206.2671)(512.6605 105.7161 297.4004)(556.8261 237.5089 206.2671)(512.6605 214.0641 297.4004)
(557.0689 80.81081 205.0335)(513.5843 105.4374 295.9087)(557.0689 237.9692 205.0335)(513.5843 214.3316 295.9087)
(557.3313 80.23678 203.5762)(514.6765 105.103 294.1385)(557.3313 238.5202 203.5762)(514.6765 214.6525 294.1385)
(557.5474 79.70415 202.2424)(515.6769 104.7919 292.5106)(557.5474 239.0315 202.2424)(515.6769 214.9511 292.5106)
(557.7068 79.26157 201.1474)(516.4987 104.5328 291.1685)(557.7068 239.4563 201.1474)(516.4987 215.1998 291.1685)
(557.8314 78.87372 200.1974)(517.212 104.3053 289.9999)(557.8314 239.8286 200.1974)(517.212 215.4182 289.9999)
(557.9864 78.31636 198.848)(518.2258 103.9775 288.3333)(557.9864 240.3635 198.848)(518.2258 215.7328 288.3333)
(558.0953 77.84284 197.7156)(519.0768 103.6984 286.9285)(558.0953 240.818 197.7156)(519.0768 216.0007 286.9285)
(558.1578 77.51969 196.9503)(519.6521 103.5075 285.9758)(558.1578 241.1282 196.9503)(519.6521 216.1839 285.9758)
(558.2279 77.07575 195.9085)(520.4354 103.2447 284.6746)(558.2279 241.5543 195.9085)(520.4354 216.4362 284.6746)
(558.2798 76.6334 194.8813)(521.2076 102.9822 283.3868)(558.2798 241.9789 194.8813)(521.2076 216.6881 283.3868)
(558.3192 76.07987 193.611)(522.1628 102.6529 281.7872)(558.3192 242.5102 193.611)(522.1628 217.0042 281.7872)
(558.3305 75.57623 192.4695)(523.0211 102.3524 280.3433)(558.3304 242.9936 192.4695)(523.0211 217.2927 280.3433)
(558.3235 75.19669 191.6182)(523.6611 102.1254 279.2623)(558.3235 243.3579 191.6182)(523.6611 217.5106 279.2623)
(558.2966 74.72787 190.5769)(524.4437 101.8442 277.9352)(558.2966 243.8079 190.5769)(524.4437 217.7804 277.9352)
(558.2349 74.14387 189.2955)(525.4062 101.493 276.2946)(558.2349 244.3685 189.2955)(525.4062 218.1176 276.2946)
(558.1739 73.74178 188.4232)(526.061 101.2504 275.1729)(558.1739 244.7544 188.4231)(526.061 218.3504 275.1729)
(558.0595 73.16035 187.176)(526.9967 100.8987 273.5624)(558.0595 245.3125 187.176)(526.9967 218.688 273.5624)
(557.9537 72.72588 186.2547)(527.6874 100.635 272.3674)(557.9537 245.7295 186.2547)(527.6874 218.9411 272.3674)
(557.8198 72.25716 185.271)(528.4243 100.3497 271.0863)(557.8198 246.1794 185.271)(528.4243 219.2149 271.0863)
(557.6367 71.7068 184.129)(529.2786 100.0136 269.5925)(557.6367 246.7077 184.129)(529.2786 219.5375 269.5925)
(557.4871 71.30988 183.3142)(529.8875 99.77052 268.5222)(557.4871 247.0887 183.3141)(529.8875 219.7708 268.5222)
(557.287 70.83067 182.34)(530.6147 99.47617 267.2374)(557.287 247.5487 182.3399)(530.6147 220.0534 267.2374)
(557.0082 70.23456 181.1424)(531.507 99.10868 265.6507)(557.0082 248.1208 181.1424)(531.507 220.4061 265.6507)
(556.7713 69.77628 180.2324)(532.1839 98.82515 264.4392)(556.7713 248.5607 180.2324)(532.1839 220.6783 264.4392)
(556.4844 69.26609 179.23)(532.9282 98.50844 263.0991)(556.4844 249.0504 179.23)(532.9282 220.9822 263.0991)
(556.1794 68.76598 178.2582)(533.6482 98.19685 261.7938)(556.1794 249.5304 178.2582)(533.6482 221.2813 261.7938)
(555.8071 68.20227 177.1754)(534.4486 97.84431 260.3324)(555.8071 250.0715 177.1754)(534.4486 221.6197 260.3324)
(555.4627 67.71706 176.2538)(535.128 97.53968 259.0827)(555.4626 250.5372 176.2538)(535.128 221.9121 259.0827)
(554.9778 67.08148 175.061)(536.0048 97.13897 257.457)(554.9778 251.1473 175.061)(536.0048 222.2967 257.457)
(554.4799 66.4762 173.94)(536.8259 96.75554 255.9205)(554.4799 251.7282 173.94)(536.8259 222.6647 255.9205)
(554.0993 66.04004 173.1411)(537.4091 96.47811 254.82)(554.0993 252.1469 173.1411)(537.4091 222.9311 254.82)
(553.6229 65.5215 172.2008)(538.0933 96.14703 253.5191)(553.6229 252.6446 172.2008)(538.0933 223.2488 253.5191)
(553.1429 65.02554 171.3109)(538.7385 95.82906 252.2822)(553.1429 253.1207 171.3109)(538.7385 223.554 252.2822)
(552.6594 64.54937 170.4652)(539.3494 95.52254 251.1012)(552.6594 253.5777 170.4652)(539.3494 223.8483 251.1012)
(552.1078 64.03109 169.554)(540.0048 95.18754 249.823)(552.1078 254.0752 169.554)(540.0048 224.1698 249.823)
(551.5157 63.50069 168.6317)(540.6651 94.84313 248.5225)(551.5157 254.5843 168.6317)(540.6651 224.5004 248.5225)
(551.0104 63.06664 167.8843)(541.1979 94.56009 247.4638)(551.0105 255.0009 167.8843)(541.1979 224.7721 247.4638)
(550.0912 62.31515 166.6058)(542.1038 94.0675 245.6426)(550.0912 255.7222 166.6058)(542.1038 225.2449 245.6426)
(549.2899 61.69534 165.566)(542.8351 93.65867 244.1513)(549.2899 256.3171 165.566)(542.8351 225.6373 244.1513)
(548.5618 61.15664 164.6727)(543.4591 93.30141 242.8628)(548.5618 256.8342 164.6727)(543.4591 225.9802 242.8628)
(547.9632 60.72942 163.971)(543.9464 93.01679 241.8461)(547.9632 257.2443 163.971)(543.9464 226.2534 241.8461)
(547.4005 60.33958 163.336)(544.3851 92.75603 240.922)(547.4005 257.6185 163.336)(544.3851 226.5037 240.922)
(546.5799 59.78986 162.4489)(544.9938 92.38665 239.6249)(546.5799 258.1461 162.4489)(544.9938 226.8582 239.6249)
(545.9586 59.38716 161.8051)(545.4326 92.11475 238.6791)(545.9586 258.5326 161.8051)(545.4326 227.1192 238.6791)
(544.9815 58.77502 160.8361)(546.0879 91.69933 237.2484)(544.9815 259.1202 160.8361)(546.0879 227.5179 237.2484)
(543.7962 58.06427 159.7256)(546.8309 91.21359 235.5971)(543.7961 259.8024 159.7256)(546.8309 227.9842 235.5971)
(542.9443 57.57271 158.9665)(547.3333 90.87553 234.4612)(542.9443 260.2742 158.9665)(547.3333 228.3087 234.4612)
(541.8242 56.94831 158.0125)(547.9581 90.44347 233.0255)(541.8242 260.8736 158.0125)(547.9581 228.7234 233.0255)
(540.6116 56.29815 157.0313)(548.5925 89.99037 231.5386)(540.6116 261.4976 157.0313)(548.5925 229.1583 231.5386)
(539.1902 55.56655 155.9417)(549.2867 89.47648 229.875)(539.1902 262.1998 155.9417)(549.2867 229.6516 229.875)
(538.1718 55.06079 155.1972)(549.7541 89.11862 228.7306)(538.1718 262.6853 155.1972)(549.7541 229.995 228.7306)
(537.3362 54.65637 154.607)(550.1205 88.83092 227.8188)(537.3362 263.0735 154.607)(550.1205 230.2712 227.8188)
(536.3729 54.20121 153.9481)(550.525 88.50542 226.7959)(536.3729 263.5103 153.9481)(550.525 230.5836 226.7959)
(535.1549 53.64186 153.146)(551.0104 88.10286 225.5434)(535.1549 264.0472 153.146)(551.0104 230.97 225.5434)
(533.8982 53.08186 152.3513)(551.4834 87.69698 224.2946)(533.8981 264.5847 152.3513)(551.4834 231.3596 224.2946)
(532.3234 52.40313 151.3991)(552.0391 87.20104 222.7873)(532.3234 265.2362 151.3991)(552.0391 231.8356 222.7873)
(530.8108 51.77335 150.5262)(552.5372 86.73684 221.3947)(530.8108 265.8407 150.5262)(552.5372 232.2812 221.3947)
(529.5242 51.25348 149.8131)(552.9355 86.35062 220.2493)(529.5242 266.3397 149.8131)(552.9355 232.6519 220.2493)
(528.2841 50.76516 149.1495)(553.2988 85.98528 219.1766)(528.2841 266.8084 149.1495)(553.2988 233.0025 219.1766)
(526.3699 50.03437 148.1672)(553.8228 85.43375 217.5769)(526.3699 267.5099 148.1672)(553.8228 233.5319 217.5769)
(522.9874 48.8051 146.5438)(554.6489 84.49235 214.8997)(522.9874 268.6898 146.5438)(554.6489 234.4355 214.8997)
(521.5488 48.30413 145.8924)(554.9653 84.10357 213.8132)(521.5488 269.1707 145.8924)(554.9653 234.8087 213.8132)
(519.994 47.77615 145.2121)(555.2856 83.69046 212.6707)(519.994 269.6774 145.2121)(555.2856 235.2052 212.6707)
(518.5544 47.29913 144.6029)(555.5632 83.31416 211.6405)(518.5544 270.1353 144.6029)(555.5632 235.5664 211.6405)
(517.1929 46.85798 144.044)(555.8096 82.96346 210.6894)(517.1929 270.5587 144.044)(555.8096 235.903 210.6894)
(515.8277 46.42475 143.4993)(556.0421 82.61653 209.7569)(515.8276 270.9745 143.4993)(556.0421 236.236 209.7569)
(514.647 46.05732 143.0406)(556.2316 82.32024 208.9669)(514.647 271.3272 143.0406)(556.2316 236.5204 208.9669)
