(36.8511 53.63918 153.1422)(219.122 22.89251 119.0484)(36.8511 264.0498 153.1422)(219.1219 293.5619 119.0484)
(36.8511 53.63918 153.1422)(219.122 22.89251 119.0484)(36.8511 264.0498 153.1422)(219.1219 293.5619 119.0484)
(35.61971 54.20481 153.9533)(215.2689 23.09335 119.2217)(35.61971 263.5069 153.9533)(215.2689 293.3691 119.2217)
(34.42682 54.77017 154.7726)(211.4366 23.30507 119.4051)(34.42678 262.9642 154.7726)(211.4366 293.1659 119.4051)
(19.85942 64.06149 169.6072)(151.5189 28.31789 123.9163)(19.85942 254.046 169.6072)(151.5189 288.3543 123.9163)
(18.60117 65.28715 171.7791)(144.1036 29.18962 124.7358)(18.60113 252.8696 171.7791)(144.1035 287.5176 124.7358)
(18.01073 65.91792 172.9187)(140.3379 29.6569 125.1796)(18.01073 252.2641 172.9187)(140.3378 287.0691 125.1796)
(17.51553 66.48186 173.9504)(137.001 30.08535 125.5893)(17.5155 251.7228 173.9504)(137.001 286.6579 125.5893)
(17.1742 66.89245 174.7094)(134.5896 30.40362 125.8953)(17.17417 251.3287 174.7094)(134.5896 286.3524 125.8953)
(16.90038 67.23682 175.351)(132.5789 30.67464 126.1571)(16.90034 250.9982 175.351)(132.5789 286.0922 126.1571)
(16.62377 67.60012 176.0331)(130.4698 30.96463 126.4385)(16.62376 250.6495 176.0331)(130.4698 285.8139 126.4385)
(16.3499 67.97735 176.747)(128.2929 31.27008 126.7362)(16.3499 250.2874 176.747)(128.2929 285.5207 126.7362)
(16.12761 68.29811 177.3585)(126.4525 31.53331 126.9938)(16.12755 249.9795 177.3585)(126.4525 285.268 126.9939)
(15.90816 68.62962 177.995)(124.561 31.80872 127.2646)(15.90816 249.6613 177.995)(124.561 285.0037 127.2646)
(15.68467 68.98454 178.6816)(122.5475 32.1074 127.5595)(15.68467 249.3206 178.6816)(122.5475 284.717 127.5595)
(15.45236 69.37535 179.4438)(120.345 32.44081 127.8903)(15.45232 248.9455 179.4438)(120.345 284.397 127.8903)
(15.16217 69.90167 180.4805)(117.403 32.89727 128.346)(15.16217 248.4403 180.4805)(117.403 283.9589 128.346)
(14.98052 70.2578 181.1888)(115.4282 33.21095 128.661)(14.98048 248.0985 181.1888)(115.4282 283.6577 128.661)
(14.81076 70.61387 181.9026)(113.467 33.5285 128.9816)(14.81076 247.7567 181.9026)(113.4669 283.353 128.9816)
(14.64493 70.98859 182.6599)(111.4172 33.86686 129.3248)(14.6449 247.3971 182.6599)(111.4172 283.0282 129.3248)
(14.46355 71.43721 183.5748)(108.9827 34.2776 129.744)(14.46355 246.9665 183.5748)(108.9827 282.6339 129.744)
(14.35193 71.73941 184.1963)(107.3549 34.55772 130.0314)(14.35193 246.6764 184.1963)(107.3549 282.3651 130.0314)
(14.23863 72.07288 184.887)(105.5702 34.87008 130.3535)(14.2386 246.3563 184.887)(105.5702 282.0652 130.3535)
(14.12345 72.44813 185.6705)(103.5765 35.22554 130.7219)(14.12341 245.9961 185.6705)(103.5765 281.7241 130.7219)
(14.03029 72.78826 186.3864)(101.7829 35.55146 131.0615)(14.03027 245.6696 186.3864)(101.7828 281.4113 131.0615)
(13.95018 73.11801 187.0858)(100.0563 35.87073 131.3959)(13.95018 245.3531 187.0858)(100.0562 281.1048 131.3959)
(13.89168 73.39022 187.6671)(98.64033 36.13676 131.6758)(13.89168 245.0919 187.6671)(98.64031 280.8494 131.6758)
(13.83058 73.71634 188.3683)(96.95515 36.45838 132.0159)(13.83058 244.7788 188.3683)(96.95512 280.5407 132.0159)
(13.77595 74.06623 189.1264)(95.16076 36.80696 132.3864)(13.77595 244.443 189.1264)(95.16078 280.2061 132.3864)
(13.73388 74.40428 189.8647)(93.44071 37.14721 132.7501)(13.73388 244.1185 189.8647)(93.44073 279.8795 132.7501)
(13.69993 74.7741 190.679)(91.57452 37.52333 133.1545)(13.69993 243.7635 190.679)(91.57448 279.5186 133.1545)
(13.68084 75.09129 191.383)(89.9869 37.84914 133.5067)(13.68088 243.4591 191.3831)(89.98689 279.2058 133.5067)
(13.67094 75.41875 192.1153)(88.36067 38.1886 133.8758)(13.6709 243.1448 192.1153)(88.36066 278.88 133.8758)
(13.67414 75.89707 193.1951)(86.0088 38.69011 134.4247)(13.67413 242.6857 193.1951)(86.00876 278.3986 134.4247)
(13.69068 76.26043 194.0235)(84.24115 39.07552 134.8496)(13.69068 242.3369 194.0235)(84.24111 278.0287 134.8496)
(13.72148 76.64503 194.9081)(82.38816 39.48767 135.307)(13.72147 241.9677 194.9081)(82.38815 277.6331 135.307)
(13.76233 77.00249 195.7376)(80.68285 39.87458 135.7392)(13.76233 241.6246 195.7376)(80.68284 277.2617 135.7392)
(13.82745 77.43476 196.7501)(78.64258 40.34737 136.2711)(13.82743 241.2097 196.7501)(78.64258 276.8079 136.2711)
(13.91399 77.88671 197.82)(76.53542 40.84746 136.8383)(13.91399 240.7759 197.82)(76.53539 276.3279 136.8383)
(14.00436 78.27874 198.7575)(74.72942 41.28595 137.3395)(14.00432 240.3996 198.7575)(74.7294 275.907 137.3395)
(14.0987 78.63468 199.6164)(73.10744 41.68784 137.8021)(14.0987 240.058 199.6164)(73.10742 275.5212 137.8021)
(14.23303 79.07927 200.6998)(71.10557 42.1949 138.3903)(14.23303 239.6312 200.6998)(71.10555 275.0345 138.3903)
(14.37929 79.50621 201.7512)(69.20866 42.68706 138.966)(14.37929 239.2215 201.7512)(69.20863 274.5621 138.966)
(14.50129 79.82953 202.5548)(67.7889 43.06317 139.4091)(14.50129 238.9111 202.5548)(67.7889 274.2012 139.4091)
(14.66801 80.23483 203.5713)(66.02983 43.53875 139.9736)(14.668 238.5221 203.5713)(66.02985 273.7447 139.9736)
(14.96311 80.87621 205.2009)(63.29385 44.30066 140.8874)(14.96311 237.9065 205.2009)(63.29383 273.0133 140.8874)
(15.17954 81.30062 206.2936)(61.51602 44.81107 141.5063)(15.17954 237.4991 206.2936)(61.51599 272.5234 141.5063)
(15.37653 81.66107 207.2308)(60.02677 45.24841 142.041)(15.37653 237.1531 207.2308)(60.02675 272.1037 142.041)
(15.59276 82.03311 208.2071)(58.5098 45.70351 142.6017)(15.59274 236.796 208.2071)(58.50978 271.6668 142.6017)
(15.80564 82.37933 209.124)(57.11664 46.1304 143.1316)(15.80562 236.4637 209.124)(57.11662 271.2571 143.1316)
(16.06061 82.77172 210.173)(55.55956 46.61814 143.7419)(16.06059 236.0871 210.173)(55.55954 270.7889 143.7419)
(16.2976 83.1179 211.1072)(54.20541 47.05182 144.289)(16.2976 235.7548 211.1072)(54.20541 270.3727 144.289)
(16.52541 83.43598 211.9729)(52.97734 47.45314 144.799)(16.52545 235.4495 211.9729)(52.97735 269.9875 144.799)
(16.7766 83.77209 212.8955)(51.69684 47.88013 145.3456)(16.77663 235.1269 212.8955)(51.69682 269.5776 145.3456)
(17.07552 84.1545 213.9549)(50.26154 48.36952 145.9771)(17.07552 234.7598 213.9549)(50.26155 269.1079 145.9771)
(17.41028 84.56303 215.0984)(48.75389 48.89658 146.6634)(17.41027 234.3677 215.0984)(48.75388 268.602 146.6634)
(17.71391 84.91769 216.1011)(47.46671 49.35765 147.2691)(17.71391 234.0273 216.1011)(47.46669 268.1594 147.2691)
(18.00592 85.24618 217.0382)(46.29272 49.78761 147.8385)(18.00594 233.712 217.0382)(46.29271 267.7467 147.8385)
(18.37521 85.64571 218.1889)(44.88857 50.31431 148.542)(18.37519 233.3285 218.1889)(44.88855 267.2412 148.542)
(18.81868 86.10478 219.5263)(43.30788 50.92449 149.3654)(18.81868 232.8878 219.5263)(43.30786 266.6555 149.3654)
(19.28425 86.56537 220.8847)(41.75744 51.54205 150.2081)(19.28424 232.4458 220.8847)(41.75746 266.0627 150.2081)
(19.62862 86.8935 221.8627)(40.67487 51.98526 150.8188)(19.6286 232.1308 221.8627)(40.67486 265.6373 150.8188)
(20.1831 87.40186 223.3952)(39.03397 52.67722 151.7822)(20.1831 231.6428 223.3952)(39.03397 264.9731 151.7822)
(20.62245 87.78895 224.5763)(37.81469 53.20839 152.5302)(20.62245 231.2713 224.5763)(37.81469 264.4633 152.5302)
(21.02428 88.13196 225.6335)(36.75621 53.68213 153.2035)(21.02425 230.9421 225.6335)(36.75618 264.0086 153.2035)
(21.47354 88.5041 226.7917)(35.6313 54.19936 153.9454)(21.47354 230.5849 226.7917)(35.63127 263.5121 153.9454)
(21.89 88.83918 227.8448)(34.63972 54.6679 154.6238)(21.89 230.2633 227.8448)(34.63968 263.0624 154.6238)
(22.33656 89.18878 228.9541)(33.62667 55.15967 155.3422)(22.33657 229.9277 228.9541)(33.62667 262.5904 155.3422)
(22.72666 89.4865 229.9072)(32.78157 55.58071 155.9626)(22.72666 229.6419 229.9072)(32.78153 262.1862 155.9626)
(23.11165 89.7738 230.8345)(31.98144 55.98902 156.5691)(23.11165 229.3662 230.8345)(31.9814 261.7943 156.5691)
(23.53209 90.08057 231.8331)(31.14399 56.42715 157.225)(23.53209 229.0717 231.8331)(31.14397 261.3738 157.225)
(23.97698 90.39775 232.8746)(30.29653 56.88245 157.9126)(23.97696 228.7673 232.8746)(30.29655 260.9368 157.9126)
(24.40911 90.69896 233.8724)(29.50926 57.31699 158.5744)(24.40914 228.4781 233.8724)(29.50924 260.5197 158.5744)
(25.05167 91.13519 235.3326)(28.39962 57.94999 159.5485)(25.05167 228.0594 235.3326)(28.39959 259.9121 159.5485)
(25.6012 91.49794 236.5609)(27.50464 58.47968 160.3728)(25.6012 227.7112 236.5609)(27.50464 259.4037 160.3728)
(26.11726 91.83056 237.6985)(26.70643 58.96796 161.1403)(26.11726 227.392 237.6985)(26.70642 258.935 161.1403)
(26.7333 92.21808 239.0377)(25.80368 59.54 162.0488)(26.73332 227.02 239.0377)(25.80371 258.386 162.0488)
(27.2092 92.51075 240.0591)(25.14158 59.97419 162.7453)(27.20917 226.7391 240.0591)(25.14156 257.9692 162.7453)
(27.81547 92.8757 241.3452)(24.33981 60.51828 163.6265)(27.81551 226.3888 241.3452)(24.33981 257.4469 163.6265)
(28.45274 93.25027 242.6794)(23.54472 61.0797 164.5459)(28.45272 226.0293 242.6794)(23.54469 256.9081 164.5459)
(29.08211 93.61166 243.9809)(22.80448 61.62427 165.4476)(29.08209 225.6824 243.9809)(22.80446 256.3853 165.4476)
(29.63095 93.92032 245.1036)(22.19345 62.09158 166.2292)(29.63094 225.3861 245.1036)(22.19343 255.9368 166.2292)
(30.14548 94.20444 246.1462)(21.64829 62.52354 166.9584)(30.1455 225.1134 246.1462)(21.64829 255.5222 166.9584)
(30.73367 94.52334 247.327)(21.05649 63.01036 167.7878)(30.73365 224.8073 247.327)(21.05649 255.0549 167.7879)
(31.90423 95.1404 249.6443)(19.97191 63.95835 169.427)(31.90421 224.215 249.6443)(19.97194 254.145 169.427)
(33.05334 95.72516 251.8807)(19.01897 64.86391 171.0229)(33.05333 223.6538 251.8807)(19.01892 253.2758 171.0229)
(33.61165 96.00229 252.9546)(18.59307 65.29548 171.7941)(33.61163 223.3878 252.9546)(18.59303 252.8616 171.7941)
(34.17033 96.27529 254.0216)(18.18986 65.72211 172.5634)(34.17031 223.1257 254.0216)(18.18984 252.4521 172.5634)
(34.66455 96.51335 254.9593)(17.85154 66.09534 173.242)(34.66455 222.8972 254.9593)(17.85156 252.0938 173.242)
(35.24645 96.7896 256.0562)(17.47474 66.52983 174.0388)(35.24647 222.6321 256.0562)(17.47474 251.6768 174.0388)
(35.74553 97.0232 256.9911)(17.16927 66.89842 174.7205)(35.74552 222.4079 256.9911)(17.16926 251.323 174.7205)
(36.22762 97.24603 257.8894)(16.8893 67.25098 175.3775)(36.22767 222.194 257.8894)(16.88926 250.9846 175.3775)
(36.86937 97.53847 259.0778)(16.53883 67.7151 176.2501)(36.86937 221.9133 259.0778)(16.53878 250.5391 176.2501)
(37.60275 97.86709 260.4263)(16.16807 68.23859 177.2447)(37.60273 221.5979 260.4263)(16.16807 250.0366 177.2447)
(38.38111 98.2096 261.8469)(15.80792 68.78636 178.2976)(38.38109 221.2691 261.8469)(15.80791 249.5108 178.2976)
(39.20956 98.56739 263.3475)(15.46061 69.36091 179.4155)(39.20954 220.9257 263.3475)(15.46061 248.9594 179.4155)
(39.93562 98.87547 264.6534)(15.18547 69.85748 180.393)(39.93562 220.63 264.6534)(15.18544 248.4827 180.393)
(40.86485 99.26264 266.3132)(14.87119 70.48398 181.6416)(40.86485 220.2583 266.3132)(14.87123 247.8814 181.6416)
(41.54924 99.54288 267.5275)(14.66602 70.93911 182.5595)(41.54924 219.9894 267.5275)(14.66602 247.4445 182.5595)
(42.59424 99.96305 269.3692)(14.39347 71.62413 183.9587)(42.59422 219.586 269.3692)(14.39347 246.787 183.9587)
(44.05194 100.5345 271.9147)(14.0914 72.56058 185.9066)(44.05192 219.0376 271.9147)(14.09138 245.8882 185.9066)
(45.11659 100.9416 273.7579)(13.92497 73.23114 187.327)(45.11657 218.6468 273.7579)(13.92497 245.2446 187.327)
(46.13187 101.3221 275.5037)(13.80663 73.86056 188.68)(46.13187 218.2815 275.5037)(13.80663 244.6404 188.68)
(46.78818 101.5643 276.6264)(13.75019 74.26234 189.554)(46.78818 218.0491 276.6264)(13.75019 244.2548 189.554)
(47.56586 101.8476 277.9511)(13.703 74.7335 190.5893)(47.56589 217.7772 277.9511)(13.70299 243.8025 190.5893)
(48.12919 102.0503 278.907)(13.68175 75.07146 191.3389)(48.12919 217.5826 278.907)(13.68175 243.4781 191.3389)
(48.69319 102.2513 279.861)(13.67104 75.40711 192.0892)(48.69317 217.3897 279.861)(13.67104 243.1559 192.0892)
(49.6627 102.5921 281.4941)(13.6767 75.97791 193.3788)(49.6627 217.0625 281.4941)(13.67672 242.6081 193.3788)
(50.4197 102.8543 282.7636)(13.70164 76.41827 194.3856)(50.41972 216.8108 282.7636)(13.7016 242.1854 194.3856)
(51.02197 103.0606 283.7701)(13.73384 76.76536 195.1866)(51.02198 216.6129 283.7701)(13.73384 241.8522 195.1866)
(51.57475 103.2481 284.6913)(13.77286 77.08145 195.9218)(51.57476 216.4329 284.6913)(13.77283 241.5489 195.9218)
(52.64262 103.6055 286.464)(13.87306 77.68546 197.3421)(52.6426 216.0899 286.464)(13.87306 240.9691 197.3421)
(53.7939 103.984 288.3657)(14.01646 78.32722 198.874)(53.7939 215.7266 288.3657)(14.01648 240.3531 198.8741)
(54.78397 104.304 289.9933)(14.16796 78.87148 200.192)(54.78397 215.4194 289.9933)(14.16792 239.8307 200.192)
(55.48526 104.5277 291.1422)(14.29044 79.25286 201.1259)(55.48528 215.2047 291.1422)(14.29042 239.4646 201.1259)
(56.39337 104.8138 292.625)(14.46713 79.7417 202.3359)(56.39337 214.93 292.625)(14.46718 238.9954 202.3359)
(57.86841 105.2704 295.0224)(14.79624 80.52405 204.3029)(57.86844 214.4918 295.0224)(14.79627 238.2445 204.3029)
(58.68226 105.5181 296.3394)(14.9993 80.94965 205.3891)(58.68223 214.254 296.3394)(14.99932 237.836 205.3891)
(59.422 105.7407 297.5332)(15.19666 81.33292 206.3772)(59.42203 214.0404 297.5332)(15.19662 237.4681 206.3772)
(60.5234 106.0678 299.305)(15.51231 81.89727 207.8496)(60.5234 213.7264 299.305)(15.51231 236.9264 207.8496)
(61.83564 106.451 301.4073)(15.92127 82.56014 209.6061)(61.83564 213.3586 301.4073)(15.92127 236.2902 209.6061)
(62.61811 106.6762 302.6567)(16.18161 82.95058 210.6546)(62.61811 213.1425 302.6567)(16.18158 235.9154 210.6546)
(63.36333 106.8884 303.8438)(16.44065 83.31918 211.6542)(63.3633 212.9388 303.8438)(16.44065 235.5616 211.6542)
(64.49081 107.2055 305.6346)(16.85244 83.87089 213.1682)(64.49081 212.6345 305.6346)(16.85244 235.032 213.1682)
(65.39307 107.4558 307.0633)(17.19885 84.30735 214.3813)(65.39307 212.3942 307.0633)(17.19887 234.6131 214.3813)
(66.65514 107.8009 309.0556)(17.70755 84.91046 216.0806)(66.65516 212.0629 309.0556)(17.70757 234.0342 216.0806)
(67.59905 108.0554 310.541)(18.10592 85.35605 217.3534)(67.59901 211.8186 310.541)(18.1059 233.6065 217.3534)
(68.57299 108.3148 312.0698)(18.53248 85.811 218.6685)(68.57299 211.5697 312.0698)(18.53248 233.1698 218.6685)
(69.85883 108.6523 314.0822)(19.11905 86.40429 220.4077)(69.85884 211.2457 314.0822)(19.119 232.6004 220.4077)
(70.72401 108.8764 315.4325)(19.52818 86.79886 221.5797)(70.72402 211.0306 315.4325)(19.52816 232.2216 221.5797)
(71.44951 109.0625 316.5625)(19.88001 87.12692 222.5638)(71.44952 210.852 316.5625)(19.87997 231.9068 222.5638)
(72.23837 109.2629 317.7889)(20.27141 87.48077 223.635)(72.23837 210.6596 317.7889)(20.27141 231.5671 223.635)
(72.9309 109.4373 318.8636)(20.62247 87.78896 224.5764)(72.93087 210.4922 318.8636)(20.62249 231.2713 224.5764)
(73.59885 109.6041 319.8986)(20.96752 88.08413 225.4855)(73.59883 210.3321 319.8986)(20.96754 230.988 225.4855)
(74.3609 109.7928 321.0774)(21.36873 88.41836 226.5238)(74.3609 210.151 321.0774)(21.36879 230.6672 226.5238)
(75.15106 109.9866 322.2974)(21.79319 88.76212 227.6018)(75.15108 209.9649 322.2975)(21.79319 230.3372 227.6018)
(75.89901 110.1685 323.4503)(22.2026 89.08493 228.6234)(75.89902 209.7904 323.4503)(22.2026 230.0274 228.6234)
(76.68017 110.3567 324.6523)(22.63796 89.41942 229.6918)(76.68021 209.6098 324.6523)(22.63796 229.7063 229.6918)
(77.46279 110.5435 325.8545)(23.08192 89.75188 230.7636)(77.46281 209.4304 325.8545)(23.08195 229.3872 230.7636)
(78.04704 110.6819 326.7507)(23.41841 89.99835 231.5646)(78.04706 209.2976 326.7507)(23.41842 229.1506 231.5646)
(78.66411 110.827 327.6958)(23.77828 90.25704 232.4114)(78.66408 209.1583 327.6959)(23.77828 228.9023 232.4114)
(79.21989 110.9569 328.5461)(24.10639 90.48868 233.1749)(79.21989 209.0337 328.5461)(24.1064 228.68 233.1749)
(79.82151 111.0965 329.4655)(24.46573 90.73798 234.0022)(79.82154 208.8996 329.4655)(24.46575 228.4407 234.0022)
(80.35211 111.2189 330.2753)(24.78617 90.95658 234.7325)(80.35211 208.7822 330.2753)(24.78617 228.2309 234.7326)
(80.99393 111.3659 331.2537)(25.17806 91.21947 235.6169)(80.99388 208.6411 331.2537)(25.17804 227.9786 235.6169)
(83.53537 111.9379 335.1153)(26.77518 92.24411 239.1281)(83.53539 208.0921 335.1153)(26.77518 226.995 239.1281)
(85.65874 112.4035 338.3265)(28.16234 93.0807 242.0736)(85.65875 207.6451 338.3265)(28.16234 226.192 242.0736)
(87.3906 112.7755 340.9359)(29.32735 93.75035 244.4841)(87.39063 207.2881 340.9359)(29.32735 225.5493 244.4841)
(88.30004 112.968 342.3026)(29.95075 94.0975 245.7527)(88.3 207.1033 342.3026)(29.95075 225.216 245.7527)
(89.23177 113.1633 343.7003)(30.59743 94.45005 247.0546)(89.23177 206.9158 343.7003)(30.59745 224.8777 247.0546)
(90.18681 113.3616 345.1304)(31.26862 94.80818 248.3913)(90.18681 206.7255 345.1304)(31.26862 224.5339 248.3913)
(91.07632 113.5444 346.4601)(31.90108 95.13881 249.6382)(91.07632 206.5501 346.4601)(31.90108 224.2166 249.6382)
(91.75876 113.6835 347.4787)(32.39104 95.39056 250.5961)(91.75877 206.4165 347.4787)(32.39104 223.9749 250.5961)
(92.77148 113.8881 348.9879)(33.12535 95.76118 252.0198)(92.7715 206.2201 348.9879)(33.12535 223.6192 252.0198)
(93.50399 114.0348 350.0776)(33.6619 96.02706 253.0511)(93.50401 206.0794 350.0776)(33.6619 223.364 253.0511)
(94.22611 114.1783 351.1505)(34.1952 96.28736 254.0689)(94.22613 205.9416 351.1505)(34.19522 223.1142 254.0689)
(94.9063 114.3125 352.1597)(34.70132 96.53094 255.0289)(94.9063 205.8128 352.1597)(34.70134 222.8803 255.0289)
(95.8195 114.4911 353.5126)(35.38665 96.85555 256.3194)(95.8195 205.6413 353.5126)(35.38663 222.5688 256.3195)
(96.64433 114.6511 354.7325)(36.01119 97.14634 257.4868)(96.6443 205.4878 354.7325)(36.01118 222.2896 257.4868)
(97.51245 114.818 356.0145)(36.67415 97.45003 258.7172)(97.51247 205.3276 356.0145)(36.67416 221.9982 258.7172)
(98.31911 114.9717 357.2039)(37.29522 97.73001 259.8621)(98.3191 205.18 357.2039)(37.29522 221.7294 259.8621)
(101.2863 115.5267 361.5629)(39.6198 98.7421 264.0865)(101.2863 204.6474 361.5629)(39.61984 220.7579 264.0865)
(102.949 115.8305 363.9947)(40.94894 99.29731 266.4627)(102.949 204.3558 363.9947)(40.94892 220.2251 266.4628)
(105.7522 116.3314 368.0767)(43.23013 100.2144 270.4829)(105.7521 203.875 368.0767)(43.23013 219.3448 270.4829)
(106.6572 116.4902 369.3898)(43.97705 100.5055 271.7846)(106.6572 203.7225 369.3898)(43.97705 219.0654 271.7846)
(107.5407 116.6438 370.6695)(44.71101 100.7875 273.0573)(107.5408 203.5751 370.6695)(44.71099 218.7947 273.0573)
(108.4033 116.7926 371.9165)(45.43184 101.0605 274.3012)(108.4033 203.4323 371.9165)(45.43184 218.5327 274.3012)
(109.1598 116.922 373.0084)(46.06757 101.2983 275.3935)(109.1598 203.3081 373.0084)(46.06758 218.3045 275.3935)
(109.7997 117.0307 373.9308)(46.60796 101.4981 276.3185)(109.7997 203.2037 373.9308)(46.60794 218.1126 276.3185)
(110.3849 117.1295 374.7731)(47.10394 101.6798 277.165)(110.3849 203.1089 374.7731)(47.10397 217.9382 277.1651)
(111.2184 117.2693 375.9712)(47.81377 101.9371 278.3722)(111.2184 202.9747 375.9712)(47.81377 217.6913 278.3722)
(111.9846 117.3968 377.0707)(48.46953 102.1718 279.4831)(111.9846 202.8523 377.0707)(48.46955 217.4659 279.4831)
(112.6246 117.5026 377.9878)(49.01967 102.3667 280.4119)(112.6246 202.7507 377.9878)(49.01967 217.2789 280.4119)
(113.2312 117.6023 378.8558)(49.54301 102.5504 281.2931)(113.2312 202.6551 378.8558)(49.54303 217.1026 281.2931)
(113.9121 117.7135 379.8288)(50.13273 102.7554 282.283)(113.9121 202.5484 379.8288)(50.13273 216.9059 282.283)
(114.5738 117.8208 380.773)(50.70805 102.9534 283.2459)(114.5738 202.4454 380.773)(50.70805 216.7158 283.2459)
(115.0714 117.9011 381.4821)(51.1421 103.1015 283.9706)(115.0713 202.3683 381.4821)(51.14212 216.5736 283.9706)
(115.7128 118.004 382.3951)(51.7034 103.2915 284.9054)(115.7128 202.2696 382.3951)(51.7034 216.3913 284.9054)
(116.3611 118.1073 383.3167)(52.27284 103.4824 285.8512)(116.3612 202.1703 383.3167)(52.27284 216.208 285.8512)
(116.9752 118.2046 384.1882)(52.81399 103.6622 286.7477)(116.9752 202.0769 384.1883)(52.81396 216.0354 286.7477)
(117.5624 118.2972 385.0206)(53.33307 103.8333 287.6057)(117.5624 201.9881 385.0206)(53.33305 215.8712 287.6057)
(118.1744 118.393 385.8869)(53.87571 104.0106 288.5005)(118.1744 201.8961 385.8869)(53.87576 215.701 288.5005)
(118.7257 118.4789 386.6663)(54.3661 104.1695 289.3072)(118.7257 201.8137 386.6663)(54.3661 215.5485 289.3073)
(119.4554 118.5919 387.6963)(55.0172 104.3786 290.3758)(119.4554 201.7052 387.6963)(55.0172 215.3478 290.3758)
(120.0925 118.6899 388.5942)(55.58763 104.5601 291.3096)(120.0925 201.6112 388.5942)(55.5876 215.1736 291.3096)
(120.7652 118.7927 389.5409)(56.19177 104.7507 292.2963)(120.7652 201.5125 389.5409)(56.19181 214.9907 292.2963)
(121.3461 118.881 390.3571)(56.7151 104.9143 293.1491)(121.3461 201.4278 390.3571)(56.7151 214.8336 293.1491)
(121.9018 118.9649 391.1369)(57.21698 105.07 293.9653)(121.9018 201.3472 391.1369)(57.21698 214.6841 293.9653)
(122.4688 119.0501 391.9315)(57.73045 105.2282 294.7987)(122.4688 201.2654 391.9315)(57.73046 214.5324 294.7988)
(123.1892 119.1578 392.9394)(58.38471 105.4279 295.8584)(123.1892 201.1621 392.9394)(58.38471 214.3407 295.8584)
(123.7402 119.2395 393.7091)(58.88647 105.5798 296.6693)(123.7401 201.0836 393.7091)(58.88645 214.1948 296.6693)
(124.3034 119.3227 394.4948)(59.40062 105.7343 297.4988)(124.3034 201.0038 394.4948)(59.40065 214.0465 297.4988)
(124.814 119.3977 395.2062)(59.86794 105.8738 298.2514)(124.814 200.9317 395.2062)(59.86793 213.9126 298.2514)
(125.4402 119.4893 396.0774)(60.44224 106.0439 299.1747)(125.4402 200.8439 396.0774)(60.44227 213.7494 299.1747)
(126.151 119.5925 397.0647)(61.09616 106.2359 300.2238)(126.151 200.7448 397.0647)(61.09614 213.565 300.2238)
(126.6899 119.6702 397.8119)(61.59304 106.3807 301.0194)(126.6899 200.6702 397.8119)(61.59303 213.4261 301.0195)
(127.2763 119.7544 398.6239)(62.13508 106.5375 301.8859)(127.2763 200.5894 398.6239)(62.13508 213.2756 301.8859)
(127.8872 119.8416 399.4684)(62.70095 106.6999 302.7889)(127.8872 200.5057 399.4684)(62.70097 213.1197 302.7889)
(128.4956 119.928 400.3083)(63.26598 106.8608 303.6889)(128.4956 200.4228 400.3083)(63.26599 212.9653 303.689)
(129.1143 120.0153 401.1609)(63.84191 107.0236 304.6046)(129.1143 200.339 401.1609)(63.84189 212.8091 304.6046)
(129.6305 120.0877 401.8712)(64.32339 107.1587 305.369)(129.6305 200.2695 401.8712)(64.32338 212.6794 305.369)
(130.2003 120.1673 402.654)(64.85596 107.3071 306.2132)(130.2003 200.1931 402.654)(64.85596 212.5369 306.2132)
(130.7835 120.2482 403.4541)(65.40221 107.4583 307.0778)(130.7835 200.1154 403.4541)(65.40221 212.3918 307.0778)
(131.3105 120.321 404.1759)(65.89677 107.5942 307.8594)(131.3105 200.0455 404.176)(65.8968 212.2613 307.8594)
(131.9405 120.4075 405.0374)(66.48923 107.7559 308.7941)(131.9405 199.9625 405.0374)(66.48923 212.1061 308.7941)
(132.5158 120.4861 405.8229)(67.03142 107.9027 309.6482)(132.5158 199.8871 405.8229)(67.03142 211.9652 309.6482)
(133.2124 120.5806 406.7722)(67.68932 108.0796 310.683)(133.2124 199.7963 406.7722)(67.68933 211.7954 310.683)
(133.7368 120.6514 407.4856)(68.18562 108.212 311.4622)(133.7368 199.7284 407.4857)(68.1856 211.6683 311.4623)
(134.3086 120.7282 408.2622)(68.72768 108.3557 312.3123)(134.3086 199.6547 408.2622)(68.72768 211.5304 312.3123)
(135.0454 120.8265 409.2611)(69.42767 108.5398 313.4082)(135.0454 199.5604 409.2611)(69.42767 211.3537 313.4082)
(135.6467 120.9062 410.0746)(70.00018 108.6891 314.303)(135.6467 199.4839 410.0746)(70.00018 211.2104 314.303)
(136.1578 120.9735 410.765)(70.48767 108.8154 315.0639)(136.1578 199.4192 410.765)(70.48769 211.0891 315.0639)
(136.7913 121.0566 411.6192)(71.09296 108.9712 316.0073)(136.7913 199.3395 411.6192)(71.09293 210.9396 316.0074)
(137.3942 121.1352 412.4306)(71.67003 109.1187 316.9055)(137.3942 199.2641 412.4306)(71.67003 210.798 316.9055)
(138.1099 121.2279 413.3921)(72.35651 109.2928 317.9724)(138.1099 199.1751 413.3921)(72.35651 210.631 317.9724)
(138.8448 121.3224 414.3769)(73.06284 109.4704 319.0683)(138.8448 199.0843 414.3769)(73.06284 210.4605 319.0683)
(139.4542 121.4003 415.192)(73.64976 109.6168 319.9774)(139.4542 199.0096 415.192)(73.64976 210.3199 319.9774)
(140.0447 121.4753 415.9801)(74.21936 109.7579 320.8586)(140.0447 198.9376 415.9801)(74.21935 210.1845 320.8586)
(141.0317 121.5998 417.2943)(75.17353 109.9921 322.3322)(141.0317 198.8181 417.2943)(75.17353 209.9597 322.3322)
(141.6419 121.6762 418.1045)(75.76465 110.1359 323.2433)(141.6418 198.7448 418.1045)(75.76461 209.8217 323.2433)
(142.277 121.7552 418.9464)(76.38101 110.2848 324.1923)(142.277 198.669 418.9464)(76.38101 209.6787 324.1923)
(142.9278 121.8356 419.807)(77.01363 110.4365 325.1648)(142.9278 198.5917 419.807)(77.01363 209.5332 325.1648)
(143.6088 121.9193 420.7055)(77.67665 110.5943 326.1827)(143.6088 198.5115 420.7055)(77.67667 209.3817 326.1827)
(144.1753 121.9885 421.4514)(78.22909 110.7248 327.0297)(144.1753 198.4451 421.4514)(78.22909 209.2564 327.0297)
(144.7739 122.0611 422.2381)(78.81378 110.8621 327.925)(144.7739 198.3753 422.2381)(78.81378 209.1246 327.925)
(145.5379 122.1533 423.2396)(79.56112 111.0362 329.0678)(145.5379 198.2869 423.2396)(79.56116 208.9575 329.0678)
(146.4673 122.2645 424.4544)(80.47215 111.2465 330.4584)(146.4673 198.1801 424.4544)(80.47214 208.7557 330.4584)
(147.2688 122.3595 425.4987)(81.2593 111.4264 331.6579)(147.2688 198.0889 425.4987)(81.25933 208.583 331.6579)
(147.9122 122.4353 426.335)(81.89232 111.57 332.621)(147.9122 198.0161 426.335)(81.89235 208.4452 332.621)
(148.6055 122.5165 427.2338)(82.57532 111.7237 333.6589)(148.6055 197.9383 427.2338)(82.57534 208.2976 333.6589)
(149.5263 122.6234 428.424)(83.48418 111.9265 335.0377)(149.5263 197.8356 428.4241)(83.48418 208.103 335.0377)
(150.1768 122.6983 429.2624)(84.12727 112.0688 336.0118)(150.1768 197.7637 429.2624)(84.12726 207.9664 336.0118)
(150.8572 122.7762 430.1371)(84.80088 112.2167 337.0308)(150.8572 197.6889 430.1371)(84.8009 207.8244 337.0308)
(151.5958 122.8602 431.084)(85.53315 112.3763 338.137)(151.5958 197.6083 431.084)(85.53319 207.6712 338.137)
(152.3856 122.9493 432.0935)(86.31734 112.5458 339.3199)(152.3856 197.5228 432.0935)(86.31736 207.5085 339.3199)
(152.948 123.0123 432.8105)(86.8765 112.6658 340.1623)(152.948 197.4623 432.8105)(86.87653 207.3934 340.1623)
(153.5833 123.0831 433.6184)(87.50887 112.8006 341.1138)(153.5833 197.3944 433.6184)(87.5089 207.264 341.1138)
(154.3468 123.1676 434.5867)(88.26987 112.9617 342.2573)(154.3468 197.3133 434.5867)(88.2699 207.1094 342.2573)
(155.1525 123.256 435.6052)(89.07412 113.1304 343.464)(155.1525 197.2284 435.6052)(89.07409 206.9474 343.464)
(155.9529 123.3432 436.6136)(89.87422 113.2969 344.6626)(155.9529 197.1447 436.6136)(89.8742 206.7876 344.6626)
(156.6275 123.4161 437.461)(90.54938 113.4363 345.6727)(156.6275 197.0747 437.461)(90.54938 206.6538 345.6727)
(157.3671 123.4956 438.3872)(91.2906 113.5882 346.7801)(157.3672 196.9985 438.3872)(91.2906 206.508 346.7801)
(158.3088 123.5958 439.5622)(92.23561 113.7801 348.1897)(158.3088 196.9023 439.5622)(92.23561 206.3238 348.1897)
(159.063 123.6754 440.4997)(92.9935 113.9327 349.3184)(159.063 196.8259 440.4997)(92.9935 206.1773 349.3184)
(159.8774 123.7607 441.5085)(93.81297 114.0963 350.5368)(159.8774 196.744 441.5085)(93.81297 206.0203 350.5368)
(160.79 123.8554 442.6347)(94.73248 114.2783 351.9019)(160.79 196.653 442.6347)(94.73251 205.8457 351.9019)
(161.5719 123.9359 443.5959)(95.52134 114.433 353.0711)(161.5719 196.5758 443.5959)(95.52134 205.6971 353.0712)
(162.2405 124.0042 444.415)(96.19652 114.5644 354.0705)(162.2404 196.5102 444.415)(96.19652 205.571 354.0705)
(162.8994 124.0711 445.2197)(96.86266 114.6932 355.0552)(162.8994 196.446 445.2197)(96.86266 205.4474 355.0552)
(163.5824 124.1399 446.0512)(97.55377 114.8259 356.0756)(163.5824 196.3799 446.0512)(97.55379 205.32 356.0756)
(164.3639 124.2181 446.9994)(98.3454 114.9767 357.2426)(164.3638 196.3049 446.9994)(98.34538 205.1752 357.2426)
(165.31 124.312 448.1423)(99.30486 115.1579 358.6547)(165.31 196.2149 448.1424)(99.30486 205.0013 358.6547)
(166.0411 124.3838 449.0221)(100.0472 115.2969 359.7455)(166.0411 196.1459 449.0221)(100.0472 204.8679 359.7455)
(166.8468 124.4624 449.9877)(100.866 115.4491 360.9469)(166.8468 196.0704 449.9877)(100.866 204.7219 360.947)
(167.5386 124.5294 450.8138)(101.5697 115.5788 361.978)(167.5386 196.0062 450.8138)(101.5697 204.5973 361.978)
(168.2875 124.6013 451.7046)(102.3321 115.7183 363.0934)(168.2875 195.9371 451.7046)(102.3321 204.4634 363.0934)
(168.9489 124.6643 452.4886)(103.0061 115.8408 364.0782)(168.9489 195.8766 452.4886)(103.0061 204.3458 364.0782)
(169.678 124.7334 453.3496)(103.7497 115.975 365.1631)(169.678 195.8104 453.3496)(103.7497 204.2171 365.1631)
(171.0009 124.8572 454.9033)(105.1004 116.2162 367.1296)(171.0009 195.6915 454.9033)(105.1004 203.9856 367.1296)
(171.9942 124.9491 456.0627)(106.1159 116.3954 368.6047)(171.9942 195.6033 456.0627)(106.1159 203.8135 368.6048)
(173 125.0411 457.23)(107.1452 116.5752 370.0969)(173 195.515 457.2301)(107.1452 203.6409 370.0969)
(173.8242 125.1158 458.1818)(107.9895 116.7214 371.3186)(173.8242 195.4433 458.1818)(107.9895 203.5006 371.3186)
(174.8627 125.209 459.3746)(109.0543 116.904 372.8563)(174.8627 195.3538 459.3746)(109.0543 203.3253 372.8563)
(175.7183 125.285 460.352)(109.9324 117.0532 374.1219)(175.7182 195.2809 460.352)(109.9324 203.1822 374.1219)
(176.5362 125.357 461.2817)(110.7724 117.1947 375.3305)(176.5362 195.2118 461.2817)(110.7724 203.0463 375.3305)
(177.3892 125.4314 462.2465)(111.6493 117.3412 376.5897)(177.3892 195.1404 462.2465)(111.6493 202.9057 376.5897)
(178.1322 125.4956 463.0828)(112.4135 117.4678 377.6854)(178.1322 195.0787 463.0829)(112.4135 202.7842 377.6854)
(178.9867 125.5688 464.0399)(113.2929 117.6124 378.9442)(178.9867 195.0084 464.0399)(113.2929 202.6454 378.9442)
(179.7409 125.6329 464.8804)(114.0697 117.7391 380.054)(179.7409 194.9469 464.8804)(114.0697 202.5238 380.054)
(180.5204 125.6986 465.745)(114.8731 117.8691 381.1998)(180.5205 194.8839 465.745)(114.8732 202.399 381.1998)
(181.2103 125.7562 466.5066)(115.5845 117.9835 382.2128)(181.2103 194.8286 466.5066)(115.5845 202.2892 382.2128)
(182.6872 125.8781 468.1254)(117.1087 118.2257 384.3777)(182.6872 194.7116 468.1254)(117.1087 202.0567 384.3777)
(185.2844 126.0875 470.9336)(119.7929 118.6439 388.1721)(185.2844 194.5106 470.9337)(119.7929 201.6553 388.1721)
(186.66 126.1959 472.4009)(121.2165 118.8613 390.1751)(186.66 194.4065 472.4009)(121.2165 201.4467 390.1751)
(187.9711 126.2977 473.7859)(122.5743 119.0659 392.0792)(187.9711 194.3089 473.7859)(122.5743 201.2502 392.0792)
(188.9055 126.3692 474.765)(123.5427 119.2103 393.4334)(188.9055 194.2402 474.765)(123.5427 201.1117 393.4334)
(190.3838 126.4809 476.3002)(125.0757 119.4361 395.5706)(190.3838 194.133 476.3002)(125.0757 200.895 395.5706)
(191.5994 126.5712 477.5497)(126.3371 119.6194 397.3229)(191.5994 194.0463 477.5497)(126.3372 200.719 397.323)
(192.6855 126.6508 478.6562)(127.4649 119.7814 398.8848)(192.6855 193.9699 478.6563)(127.4649 200.5635 398.8848)
(193.9346 126.741 479.9171)(128.7625 119.9657 400.6763)(193.9346 193.8833 479.9171)(128.7625 200.3866 400.6763)
(194.8434 126.8058 480.8266)(129.707 120.0984 401.9764)(194.8434 193.8211 480.8266)(129.707 200.2592 401.9764)
(195.6296 126.8613 481.6078)(130.5244 120.2123 403.0988)(195.6296 193.7679 481.6078)(130.5244 200.1499 403.0988)
(196.3945 126.9147 482.3631)(131.3199 120.3223 404.1888)(196.3945 193.7166 482.3631)(131.3199 200.0443 404.1889)
(197.2654 126.975 483.2171)(132.2259 120.4466 405.4273)(197.2654 193.6588 483.2171)(132.2259 199.925 405.4273)
(198.0529 127.0289 483.9839)(133.0454 120.558 406.5448)(198.0529 193.607 483.9839)(133.0454 199.8181 406.5448)
(199.0288 127.0949 484.9268)(134.0612 120.695 407.9264)(199.0288 193.5436 484.9268)(134.0612 199.6866 407.9264)
(199.7421 127.1427 485.6108)(134.8039 120.7943 408.9339)(199.7421 193.4978 485.6108)(134.8039 199.5912 408.9339)
(200.6865 127.2053 486.5099)(135.7874 120.9247 410.2649)(200.6865 193.4377 486.5099)(135.7874 199.4661 410.2649)
(201.6011 127.2651 487.3731)(136.7401 121.0499 411.5503)(201.6011 193.3803 487.3731)(136.7401 199.3459 411.5503)
(202.326 127.3121 488.0522)(137.4955 121.1483 412.5668)(202.326 193.3352 488.0522)(137.4955 199.2514 412.5668)
(203.0656 127.3595 488.7403)(138.2661 121.248 413.6016)(203.0656 193.2897 488.7403)(138.2661 199.1557 413.6016)
(203.8843 127.4115 489.4964)(139.1195 121.3576 414.7444)(203.8843 193.2398 489.4964)(139.1195 199.0506 414.7444)
(204.5495 127.4533 490.1064)(139.8129 121.4459 415.6708)(204.5495 193.1997 490.1064)(139.8129 198.9658 415.6709)
(205.5884 127.5178 491.0511)(140.8961 121.5828 417.114)(205.5884 193.1377 491.0511)(140.8961 198.8344 417.114)
(206.6261 127.5814 491.985)(141.9781 121.7181 418.5505)(206.626 193.0767 491.985)(141.9781 198.7046 418.5505)
(207.4963 127.634 492.7607)(142.8858 121.8305 419.7515)(207.4963 193.0262 492.7607)(142.8858 198.5967 419.7515)
(208.1859 127.6752 493.3705)(143.6051 121.9188 420.7007)(208.1859 192.9867 493.3705)(143.6051 198.5119 420.7007)
(208.9443 127.7201 494.036)(144.3963 122.0153 421.742)(208.9443 192.9436 494.036)(144.3963 198.4193 421.742)
(209.9357 127.7781 494.8981)(145.4306 122.1404 423.0991)(209.9357 192.8879 494.8981)(145.4306 198.2992 423.0991)
(210.7584 127.8256 495.6065)(146.289 122.2432 424.2217)(210.7584 192.8423 495.6065)(146.289 198.2005 424.2217)
(211.6064 127.8739 496.33)(147.1738 122.3483 425.3753)(211.6064 192.7959 496.33)(147.1739 198.0997 425.3753)
(212.2616 127.9109 496.8844)(147.8576 122.4289 426.2641)(212.2616 192.7605 496.8845)(147.8576 198.0223 426.2641)
(213.0153 127.953 497.5172)(148.6442 122.521 427.2839)(213.0154 192.7201 497.5172)(148.6442 197.9339 427.2839)
(213.7727 127.9948 498.1476)(149.4346 122.6128 428.3057)(213.7727 192.6799 498.1476)(149.4346 197.8458 428.3057)
(214.4857 128.0337 498.736)(150.1787 122.6985 429.2649)(214.4857 192.6425 498.736)(150.1787 197.7635 429.2649)
(215.2095 128.0728 499.3282)(150.9341 122.785 430.2358)(215.2095 192.605 499.3282)(150.9341 197.6805 430.2358)
(216.0282 128.1165 499.9921)(151.7885 122.882 431.3306)(216.0282 192.563 499.9921)(151.7885 197.5874 431.3306)
(217.4124 128.1892 501.0996)(153.2331 123.0441 433.1734)(217.4123 192.4933 501.0996)(153.2331 197.4318 433.1734)
(218.6358 128.2522 502.0627)(154.5099 123.1855 434.7932)(218.6358 192.4329 502.0627)(154.51 197.296 434.7932)
(219.4933 128.2956 502.729)(155.4049 123.2836 435.9236)(219.4933 192.3912 502.729)(155.405 197.2019 435.9237)
(220.3548 128.3386 503.3909)(156.3039 123.3812 437.0548)(220.3548 192.3499 503.3909)(156.3039 197.1082 437.0548)
(221.1758 128.379 504.0149)(157.1606 123.4734 438.129)(221.1758 192.3111 504.0149)(157.1607 197.0197 438.129)
(222.0319 128.4206 504.6583)(158.054 123.5688 439.2447)(222.0319 192.2712 504.6583)(158.054 196.9282 439.2447)
(223.0293 128.4683 505.3984)(159.0947 123.6787 440.539)(223.0293 192.2254 505.3984)(159.0947 196.8226 440.539)
(223.8042 128.5048 505.9664)(159.903 123.7634 441.5403)(223.8042 192.1904 505.9664)(159.903 196.7414 441.5404)
(224.567 128.5403 506.5194)(160.6988 123.846 442.5224)(224.567 192.1563 506.5194)(160.6988 196.6621 442.5224)
(225.3192 128.5748 507.0591)(161.4834 123.9269 443.4874)(225.3192 192.1231 507.0591)(161.4834 196.5845 443.4874)
(226.0182 128.6065 507.5552)(162.2125 124.0014 444.3808)(226.0182 192.0927 507.5552)(162.2125 196.513 444.3808)
(226.6955 128.6369 508.031)(162.9189 124.0731 445.2434)(226.6955 192.0636 508.031)(162.9189 196.4442 445.2434)
(227.234 128.6608 508.406)(163.4804 124.1297 445.9273)(227.234 192.0407 508.406)(163.4804 196.3898 445.9273)
(227.9172 128.6907 508.8773)(164.1928 124.2011 446.7921)(227.9172 192.0119 508.8773)(164.1928 196.3213 446.7922)
(228.6962 128.7244 509.4088)(165.0049 124.2818 447.7745)(228.6962 191.9796 509.4088)(165.0049 196.2438 447.7745)
(229.4007 128.7545 509.8838)(165.7394 124.3542 448.6595)(229.4007 191.9507 509.8839)(165.7394 196.1743 448.6595)
(230.0616 128.7823 510.3248)(166.4283 124.4217 449.4867)(230.0616 191.924 510.3248)(166.4283 196.1095 449.4867)
(230.6494 128.8068 510.7129)(167.0409 124.4812 450.2198)(230.6494 191.9005 510.7129)(167.0409 196.0524 450.2198)
(231.2965 128.8335 511.136)(167.7153 124.5464 451.0242)(231.2965 191.8749 511.136)(167.7153 195.9899 451.0242)
(231.9189 128.8588 511.5387)(168.3638 124.6086 451.7951)(231.9189 191.8506 511.5387)(168.3638 195.9301 451.7951)
(232.7113 128.8906 512.0453)(169.1894 124.6872 452.7729)(232.7113 191.8201 512.0454)(169.1894 195.8547 452.7729)
(233.5415 128.9234 512.5689)(170.0542 124.7687 453.7925)(233.5415 191.7886 512.5689)(170.0542 195.7764 453.7925)
(234.4371 128.9582 513.1253)(170.9868 124.8559 454.8869)(234.4371 191.7552 513.1253)(170.9868 195.6927 454.8869)
(235.0693 128.9824 513.5128)(171.6451 124.9169 455.656)(235.0694 191.732 513.5128)(171.6451 195.6342 455.656)
(235.7521 129.0081 513.9263)(172.356 124.9823 456.4833)(235.7522 191.7073 513.9263)(172.356 195.5714 456.4833)
(236.4389 129.0337 514.3372)(173.0708 125.0476 457.312)(236.4388 191.6828 514.3372)(173.0708 195.5088 457.312)
(237.3829 129.0682 514.8934)(174.0532 125.1365 458.4455)(237.3829 191.6496 514.8934)(174.0532 195.4234 458.4456)
(238.2863 129.1006 515.4164)(174.9932 125.2207 459.5241)(238.2864 191.6185 515.4164)(174.9933 195.3426 459.5241)
(239.124 129.1301 515.8932)(175.8646 125.2979 460.5186)(239.124 191.5902 515.8932)(175.8646 195.2685 460.5186)
(240.0292 129.1613 516.3997)(176.8059 125.3806 461.5873)(240.0291 191.5602 516.3997)(176.8059 195.1891 461.5873)
(240.8575 129.1894 516.855)(177.6671 125.4555 462.5598)(240.8575 191.5333 516.855)(177.6671 195.1173 462.5598)
(241.9946 129.2271 517.4676)(178.8489 125.5571 463.886)(241.9946 191.4971 517.4676)(178.8489 195.0197 463.886)
(242.76 129.2518 517.8717)(179.6443 125.6247 464.773)(242.7601 191.4733 517.8718)(179.6443 194.9548 464.773)
(244.0746 129.2934 518.5502)(181.0098 125.7395 466.2855)(244.0746 191.4335 518.5502)(181.0098 194.8447 466.2855)
(244.8599 129.3176 518.9461)(181.8252 125.8072 467.1824)(244.8599 191.4102 518.9461)(181.8252 194.7797 467.1824)
(245.675 129.3422 519.3495)(182.6713 125.8768 468.1081)(245.675 191.3866 519.3495)(182.6713 194.7129 468.1081)
(246.923 129.3789 519.9524)(183.9663 125.982 469.5147)(246.923 191.3514 519.9524)(183.9664 194.6119 469.5147)
(248.1679 129.4143 520.5358)(185.2577 126.0854 470.9051)(248.1679 191.3174 520.5358)(185.2577 194.5126 470.9051)
(249.4372 129.4493 521.1121)(186.5737 126.1892 472.3092)(249.4372 191.2838 521.1121)(186.5737 194.413 472.3092)
(250.3044 129.4724 521.4951)(187.4724 126.2592 473.2607)(250.3044 191.2616 521.4951)(187.4724 194.3458 473.2607)
(252.5356 129.5294 522.4398)(189.7834 126.4358 475.6787)(252.5356 191.2069 522.4398)(189.7834 194.1763 475.6788)
(254.4702 129.5759 523.2114)(191.7856 126.5849 477.7401)(254.4702 191.1623 523.2114)(191.7856 194.0332 477.7401)
(255.4632 129.5986 523.5903)(192.8127 126.66 478.7852)(255.4632 191.1405 523.5903)(192.8127 193.9611 478.7852)
(256.3373 129.618 523.914)(193.7164 126.7254 479.6978)(256.3373 191.1219 523.914)(193.7164 193.8984 479.6978)
(257.2604 129.6379 524.2459)(194.6704 126.7935 480.6541)(257.2604 191.1028 524.2459)(194.6705 193.8329 480.6541)
(257.9893 129.6531 524.5008)(195.4235 126.8468 481.4036)(257.9893 191.0882 524.5008)(195.4235 193.7818 481.4036)
(258.7244 129.6681 524.7514)(196.1827 126.9 482.1545)(258.7244 191.0738 524.7514)(196.1827 193.7307 482.1545)
(259.3947 129.6814 524.9742)(196.8747 126.948 482.8348)(259.3947 191.061 524.9742)(196.8747 193.6846 482.8348)
(260.0424 129.6939 525.1844)(197.5433 126.9941 483.4883)(260.0424 191.049 525.1844)(197.5433 193.6404 483.4883)
(260.7377 129.707 525.4045)(198.2608 127.043 484.1854)(260.7377 191.0364 525.4045)(198.2608 193.5935 484.1854)
(261.3235 129.7178 525.5853)(198.8651 127.0839 484.7692)(261.3235 191.0261 525.5853)(198.8651 193.5542 484.7692)
(261.9228 129.7285 525.7661)(199.4831 127.1254 485.363)(261.9228 191.0158 525.7661)(199.4832 193.5144 485.363)
(262.4973 129.7386 525.935)(200.0755 127.1649 485.929)(262.4973 191.0061 525.935)(200.0755 193.4765 485.929)
(263.1182 129.7492 526.1133)(200.7154 127.2072 486.5373)(263.1182 190.996 526.1133)(200.7154 193.4359 486.5373)
(263.6691 129.7583 526.2676)(201.2831 127.2444 487.0739)(263.6691 190.9872 526.2676)(201.2831 193.4002 487.0739)
(264.4324 129.7707 526.4752)(202.0694 127.2955 487.8124)(264.4324 190.9753 526.4752)(202.0695 193.3511 487.8125)
(265.2535 129.7834 526.6906)(202.915 127.3499 488.6006)(265.2535 190.9631 526.6906)(202.915 193.2989 488.6006)
(266.0066 129.7947 526.8809)(203.6902 127.3992 489.3177)(266.0066 190.9523 526.8809)(203.6902 193.2516 489.3177)
(266.7254 129.8051 527.0561)(204.4298 127.4458 489.997)(266.7254 190.9423 527.0561)(204.4298 193.2069 489.997)
(267.7439 129.8191 527.2934)(205.4775 127.511 490.9507)(267.7439 190.9288 527.2934)(205.4775 193.1443 490.9507)
(268.7181 129.8318 527.5085)(206.479 127.5724 491.8533)(268.7181 190.9166 527.5085)(206.479 193.0853 491.8533)
(269.4875 129.8414 527.6701)(207.2696 127.6203 492.5593)(269.4875 190.9075 527.6701)(207.2697 193.0393 492.5593)
(270.2736 129.8507 527.8277)(208.0772 127.6687 493.2747)(270.2737 190.8985 527.8277)(208.0772 192.9929 493.2747)
(270.9766 129.8586 527.9622)(208.799 127.7115 493.909)(270.9766 190.8909 527.9622)(208.799 192.9518 493.909)
(271.7253 129.8667 528.0987)(209.5675 127.7566 494.579)(271.7253 190.8832 528.0987)(209.5675 192.9085 494.579)
(272.7117 129.8766 528.268)(210.5795 127.8153 495.4531)(272.7117 190.8736 528.268)(210.5795 192.8522 495.4531)
(275.3068 129.8995 528.6558)(213.2398 127.9654 497.7046)(275.3068 190.8517 528.6558)(213.2398 192.7081 497.7046)
(276.0575 129.9052 528.7523)(214.0086 128.0077 498.3428)(276.0575 190.8463 528.7524)(214.0086 192.6675 498.3428)
(277.271 129.9135 528.8937)(215.2507 128.075 499.3618)(277.271 190.8383 528.8937)(215.2507 192.6029 499.3618)
(278.206 129.9191 528.9901)(216.2072 128.126 500.1364)(278.206 190.8328 528.9901)(216.2072 192.5539 500.1364)
(279.4212 129.9255 529.0991)(217.4498 128.1912 501.1293)(279.4212 190.8267 529.0991)(217.4498 192.4914 501.1293)
(280.6451 129.9309 529.1902)(218.7003 128.2554 502.1131)(280.6451 190.8215 529.1902)(218.7003 192.4297 502.1131)
(281.708 129.9346 529.2543)(219.7856 128.3102 502.9545)(281.708 190.8179 529.2543)(219.7856 192.3771 502.9545)
(282.762 129.9376 529.3038)(220.8613 128.3636 503.7767)(282.762 190.8152 529.3038)(220.8613 192.3259 503.7767)
(283.5984 129.9393 529.3333)(221.7144 128.4052 504.4205)(283.5984 190.8135 529.3333)(221.7144 192.2859 504.4205)
(284.2943 129.9403 529.3511)(222.424 128.4394 504.9504)(284.2943 190.8125 529.3511)(222.424 192.2531 504.9504)
(285.0284 129.9411 529.3635)(223.1722 128.4751 505.5035)(285.0284 190.8118 529.3635)(223.1722 192.2189 505.5035)
(285.6818 129.9414 529.3687)(223.8378 128.5064 505.9908)(285.6818 190.8115 529.3687)(223.8378 192.1889 505.9908)
(286.3351 129.9414 529.3686)(224.5031 128.5374 506.4734)(286.3351 190.8115 529.3686)(224.5031 192.1591 506.4734)
(286.8426 129.9411 529.3649)(225.0198 128.5612 506.8451)(286.8426 190.8117 529.3649)(225.0199 192.1363 506.8451)
(287.5724 129.9405 529.3539)(225.7625 128.595 507.3743)(287.5724 190.8123 529.3539)(225.7625 192.1038 507.3743)
(288.2233 129.9396 529.3384)(226.4247 128.6248 507.8414)(288.2233 190.8132 529.3384)(226.4247 192.0752 507.8414)
(288.9008 129.9383 529.3168)(227.1136 128.6554 508.3226)(288.9008 190.8144 529.3168)(227.1136 192.0458 508.3226)
(289.5998 129.9366 529.2884)(227.8242 128.6866 508.8135)(289.5998 190.816 529.2884)(227.8242 192.0158 508.8135)
(290.3934 129.9343 529.2488)(228.6306 128.7216 509.3643)(290.3934 190.8183 529.2488)(228.6306 191.9823 509.3643)
(291.1061 129.9318 529.2065)(229.3544 128.7525 509.8528)(291.1061 190.8206 529.2065)(229.3544 191.9526 509.8528)
(291.6913 129.9295 529.1671)(229.9485 128.7776 510.2496)(291.6913 190.8229 529.1671)(229.9485 191.9285 510.2496)
(292.1892 129.9274 529.1302)(230.4539 128.7987 510.5843)(292.1892 190.825 529.1302)(230.4539 191.9083 510.5843)
(292.7747 129.9246 529.0828)(231.0479 128.8233 510.9741)(292.7747 190.8276 529.0828)(231.0479 191.8847 510.9741)
(293.3554 129.9216 529.0316)(231.6369 128.8474 511.3568)(293.3554 190.8305 529.0316)(231.6369 191.8616 511.3568)
(293.9227 129.9184 528.9775)(232.2122 128.8706 511.727)(293.9227 190.8335 528.9775)(232.2122 191.8392 511.727)
(294.6181 129.9142 528.9057)(232.917 128.8988 512.1758)(294.6181 190.8376 528.9057)(232.917 191.8122 512.1758)
(295.1235 129.9109 528.8498)(233.429 128.919 512.4985)(295.1235 190.8407 528.8498)(233.429 191.7928 512.4985)
(295.7262 129.9067 528.7789)(234.0395 128.9428 512.8795)(295.7262 190.8448 528.779)(234.0395 191.7699 512.8795)
(296.4923 129.901 528.6824)(234.8152 128.9727 513.3576)(296.4923 190.8502 528.6824)(234.8152 191.7413 513.3577)
(297.232 129.8951 528.5822)(235.5638 129.0011 513.8128)(297.232 190.8559 528.5822)(235.5638 191.7141 513.8128)
(297.8885 129.8896 528.4876)(236.2279 129.0259 514.2115)(297.8885 190.8612 528.4876)(236.2279 191.6902 514.2115)
(298.5312 129.8838 528.3898)(236.8778 129.0498 514.597)(298.5312 190.8667 528.3898)(236.8778 191.6672 514.597)
(299.4702 129.8749 528.2377)(237.8269 129.0842 515.1516)(299.4702 190.8753 528.2377)(237.8269 191.6342 515.1516)
(300.5859 129.8634 528.0429)(238.9539 129.1241 515.7971)(300.5859 190.8864 528.0429)(238.9539 191.5959 515.7971)
(301.6132 129.852 527.8499)(239.991 129.16 516.3785)(301.6132 190.8973 527.8499)(239.991 191.5614 516.3785)
(302.4614 129.842 527.6807)(240.8467 129.189 516.8492)(302.4614 190.9069 527.6807)(240.8467 191.5336 516.8492)
(303.2006 129.8329 527.5259)(241.5921 129.2139 517.2525)(303.2006 190.9156 527.5259)(241.5921 191.5098 517.2525)
(304.2562 129.8191 527.2934)(242.6562 129.2485 517.8173)(304.2563 190.9288 527.2934)(242.6562 191.4765 517.8173)
(305.1474 129.8069 527.0864)(243.5539 129.2771 518.2838)(305.1474 190.9406 527.0864)(243.5539 191.4491 518.2838)
(305.7525 129.7982 526.9402)(244.1631 129.2961 518.5952)(305.7525 190.9489 526.9402)(244.1632 191.4308 518.5952)
(306.5799 129.786 526.7333)(244.9959 129.3217 519.0139)(306.5799 190.9607 526.7333)(244.9959 191.4063 519.0139)
(307.4 129.7733 526.5198)(245.8208 129.3465 519.4208)(307.4 190.9728 526.5198)(245.8208 191.3824 519.4208)
(308.4202 129.7569 526.2429)(246.8464 129.3767 519.916)(308.4201 190.9886 526.2429)(246.8464 191.3535 519.916)
(309.3427 129.7413 525.9815)(247.7734 129.4032 520.3529)(309.3427 191.0035 525.9815)(247.7734 191.328 520.3529)
(310.0345 129.7293 525.7787)(248.4681 129.4227 520.6739)(310.0345 191.0151 525.7787)(248.4681 191.3093 520.6739)
(310.885 129.714 525.5214)(249.3219 129.4461 521.0606)(310.885 191.0297 525.5214)(249.3219 191.2868 521.0606)
(311.9384 129.6943 525.1906)(250.3787 129.4744 521.5275)(311.9384 191.0487 525.1907)(250.3788 191.2597 521.5275)
(312.6599 129.6803 524.9563)(251.1023 129.4933 521.8397)(312.6599 191.0621 524.9563)(251.1023 191.2416 521.8397)
(313.6979 129.6595 524.6082)(252.1425 129.5197 522.2776)(313.698 191.082 524.6082)(252.1425 191.2162 522.2776)
(314.4697 129.6436 524.3411)(252.9155 129.5388 522.5948)(314.4697 191.0974 524.3411)(252.9155 191.1979 522.5949)
(315.2985 129.6259 524.0462)(253.7453 129.5588 522.9275)(315.2985 191.1143 524.0462)(253.7453 191.1787 522.9276)
(316.2669 129.6046 523.6912)(254.7143 129.5815 523.3057)(316.2669 191.1347 523.6912)(254.7143 191.1569 523.3057)
(316.9623 129.5889 523.4294)(255.4097 129.5974 523.5701)(316.9623 191.1498 523.4294)(255.4097 191.1416 523.5701)
(317.7985 129.5696 523.107)(256.2455 129.616 523.8804)(317.7985 191.1684 523.107)(256.2455 191.1238 523.8804)
(318.8336 129.5449 522.6964)(257.2798 129.6383 524.2527)(318.8336 191.192 522.6964)(257.2798 191.1024 524.2527)
(319.6258 129.5255 522.3735)(258.0708 129.6548 524.5289)(319.6258 191.2107 522.3735)(258.0708 191.0866 524.5289)
(320.5041 129.5033 522.007)(258.9473 129.6725 524.8262)(320.5041 191.2319 522.007)(258.9474 191.0695 524.8262)
(321.3616 129.4812 521.6403)(259.8026 129.6893 525.1073)(321.3616 191.2532 521.6403)(259.8026 191.0534 525.1073)
(322.324 129.4557 521.2185)(260.7621 129.7075 525.412)(322.324 191.2776 521.2185)(260.7621 191.036 525.4121)
(323.1491 129.4333 520.8483)(261.5843 129.7225 525.6644)(323.1491 191.2992 520.8483)(261.5843 191.0216 525.6645)
(324.2255 129.4033 520.3535)(262.6561 129.7413 525.9811)(324.2255 191.328 520.3535)(262.6562 191.0035 525.9811)
(325.246 129.374 519.8719)(263.6718 129.7584 526.2684)(325.246 191.3561 519.8719)(263.6718 190.9871 526.2684)
(325.9788 129.3525 519.5186)(264.4007 129.7702 526.4668)(325.9788 191.3767 519.5186)(264.4007 190.9758 526.4668)
(326.8473 129.3265 519.092)(265.2642 129.7836 526.6934)(326.8473 191.4017 519.092)(265.2642 190.9629 526.6934)
(327.6753 129.3011 518.6771)(266.087 129.7959 526.9008)(327.6753 191.426 518.6771)(266.087 190.9511 526.9008)
(328.468 129.2764 518.2726)(266.8743 129.8072 527.0916)(328.468 191.4498 518.2726)(266.8743 190.9403 527.0916)
(329.3282 129.249 517.8256)(267.7283 129.8189 527.29)(329.3282 191.476 517.8256)(267.7283 190.929 527.29)
(330.2061 129.2205 517.3606)(268.5993 129.8303 527.4829)(330.2061 191.5034 517.3606)(268.5993 190.9181 527.4829)
(330.9227 129.1967 516.9747)(269.31 129.8392 527.6335)(330.9227 191.5262 516.9747)(269.31 190.9095 527.6335)
(332.1596 129.1549 516.2949)(270.536 129.8537 527.8787)(332.1596 191.5664 516.2949)(270.536 190.8957 527.8787)
(333.1765 129.1196 515.7231)(271.5433 129.8648 528.0662)(333.1765 191.6003 515.7231)(271.5433 190.885 528.0662)
(334.0582 129.0883 515.218)(272.4161 129.8737 528.2186)(334.0582 191.6303 515.218)(272.4161 190.8764 528.2186)
(334.756 129.0632 514.8122)(273.1066 129.8804 528.3325)(334.756 191.6544 514.8122)(273.1066 190.87 528.3325)
(335.3918 129.0399 514.4377)(273.7355 129.8862 528.431)(335.3918 191.6767 514.4377)(273.7355 190.8644 528.431)
(336.2868 129.0067 513.903)(274.6204 129.8939 528.5613)(336.2869 191.7087 513.903)(274.6204 190.857 528.5613)
(336.9415 128.9819 513.5062)(275.2673 129.8992 528.6505)(336.9415 191.7324 513.5062)(275.2673 190.852 528.6506)
(337.935 128.9438 512.8953)(276.2487 129.9065 528.7759)(337.935 191.769 512.8953)(276.2487 190.8449 528.7759)
(339.0867 128.8986 512.1735)(277.3855 129.9142 528.9061)(339.0867 191.8124 512.1735)(277.3855 190.8376 528.9061)
(339.8821 128.8668 511.6666)(278.1702 129.9189 528.9866)(339.8821 191.8429 511.6666)(278.1702 190.833 528.9866)
(340.8912 128.8258 511.0138)(279.1653 129.9243 529.0776)(340.8912 191.8823 511.0138)(279.1653 190.8279 529.0776)
(341.9409 128.7822 510.3231)(280.1997 129.9291 529.1592)(341.9409 191.9241 510.3231)(280.1997 190.8233 529.1592)
(343.121 128.7322 509.5326)(281.362 129.9335 529.235)(343.121 191.9721 509.5326)(281.3621 190.819 529.235)
(343.9364 128.6971 508.9777)(282.1647 129.936 529.2775)(343.9364 192.0058 508.9777)(282.1647 190.8166 529.2775)
(344.5883 128.6686 508.5291)(282.8061 129.9377 529.3056)(344.5883 192.0332 508.5291)(282.8061 190.815 529.3056)
(345.3219 128.6361 508.019)(283.5275 129.9391 529.3312)(345.3219 192.0643 508.019)(283.5275 190.8136 529.3312)
(346.2234 128.5956 507.3843)(284.4138 129.9405 529.3536)(346.2234 192.1032 507.3843)(284.4138 190.8123 529.3536)
(347.1263 128.5544 506.7403)(285.3009 129.9412 529.3663)(347.1263 192.1427 506.7403)(285.3009 190.8116 529.3663)
(348.2211 128.5036 505.948)(286.376 129.9414 529.3685)(348.2211 192.1915 505.948)(286.376 190.8115 529.3685)
(349.2378 128.4556 505.2012)(287.3738 129.9407 529.3576)(349.2378 192.2376 505.2012)(287.3739 190.8121 529.3576)
(350.0779 128.4153 504.5761)(288.198 129.9396 529.3391)(350.0779 192.2763 504.5761)(288.198 190.8132 529.3391)
(350.8679 128.3769 503.9819)(288.9725 129.9382 529.3141)(350.8679 192.3132 503.9819)(288.9725 190.8146 529.3141)
(352.0518 128.3183 503.0795)(290.1328 129.9352 529.2627)(352.0518 192.3694 503.0795)(290.1328 190.8175 529.2627)
(354.0496 128.2171 501.525)(292.089 129.9278 529.1378)(354.0496 192.4666 501.525)(292.089 190.8245 529.1378)
(354.8665 128.1747 500.8781)(292.8882 129.924 529.0731)(354.8665 192.5072 500.8781)(292.8882 190.8282 529.0731)
(355.7294 128.1294 500.1875)(293.7321 129.9195 528.9962)(355.7294 192.5507 500.1875)(293.7321 190.8325 528.9962)
(356.5109 128.0878 499.5558)(294.496 129.9149 528.9188)(356.5109 192.5906 499.5558)(294.496 190.8369 528.9188)
(357.2354 128.0488 498.9648)(295.204 129.9104 528.8406)(357.2355 192.628 498.9648)(295.204 190.8413 528.8406)
(357.9487 128.0101 498.3782)(295.9008 129.9055 528.7576)(357.9487 192.6653 498.3782)(295.9008 190.8459 528.7576)
(358.5552 127.9767 497.8754)(296.493 129.901 528.6823)(358.5552 192.6972 497.8754)(296.493 190.8502 528.6823)
