(130.6791 120.2338 403.3109)(65.30436 107.4313 306.9229)(130.6791 200.1293 403.3109)(65.30436 212.4177 306.9229)
(130.6791 120.2338 403.3109)(65.30436 107.4313 306.9229)(130.6791 200.1293 403.3109)(65.30436 212.4177 306.9229)
(131.6452 120.367 404.6338)(66.21143 107.6802 308.3559)(131.6452 200.0014 404.6338)(66.21143 212.1788 308.3559)
(132.611 120.4991 405.9527)(67.12128 107.927 309.7896)(132.611 199.8746 405.9527)(67.12128 211.9419 309.7896)
(148.6524 122.5219 427.2945)(82.6217 111.7341 333.7292)(148.6524 197.933 427.2945)(82.6217 208.2877 333.7292)
(150.8133 122.7712 430.0807)(84.75748 112.2072 336.9651)(150.8133 197.6937 430.0807)(84.75748 207.8336 336.9651)
(151.9313 122.8981 431.5132)(85.8662 112.4485 338.6395)(151.9313 197.5719 431.5132)(85.8662 207.602 338.6395)
(152.9346 123.0108 432.7933)(86.8632 112.6629 340.1421)(152.9346 197.4638 432.7933)(86.8632 207.3961 340.1421)
(153.6672 123.0924 433.7249)(87.59252 112.8184 341.2395)(153.6672 197.3854 433.7249)(87.59252 207.2469 341.2395)
(154.2832 123.1606 434.5062)(88.20655 112.9483 342.1621)(154.2832 197.32 434.5062)(88.20655 207.1222 342.1621)
(154.9347 123.2322 435.3302)(88.85664 113.0849 343.1378)(154.9347 197.2513 435.3302)(88.85664 206.9911 343.1378)
(155.6128 123.3062 436.1855)(89.53413 113.2263 344.1533)(155.6128 197.1802 436.1855)(89.53413 206.8554 344.1533)
(156.1909 123.369 436.9128)(90.11231 113.3462 345.0189)(156.1909 197.12 436.9128)(90.11231 206.7403 345.0189)
(156.7896 123.4336 437.6642)(90.71184 113.4697 345.9155)(156.7896 197.058 437.6642)(90.71184 206.6218 345.9155)
(157.4324 123.5025 438.4687)(91.35607 113.6015 346.8777)(157.4324 196.9918 438.4687)(91.35607 206.4952 346.8777)
(158.1421 123.5781 439.3544)(92.06819 113.7463 347.9401)(158.1421 196.9193 439.3544)(92.06819 206.3563 347.9401)
(159.1012 123.6794 440.547)(93.03194 113.9404 349.3755)(159.1012 196.822 440.547)(93.03194 206.17 349.3755)
(159.7524 123.7477 441.3539)(93.68717 114.0713 350.3499)(159.7524 196.7565 441.3539)(93.68717 206.0443 350.3499)
(160.4054 123.8156 442.1606)(94.34483 114.2018 351.3267)(160.4054 196.6913 442.1606)(94.34483 205.9191 351.3267)
(161.0946 123.8869 443.0096)(95.03973 114.3387 352.3575)(161.0946 196.6229 443.0096)(95.03973 205.7877 352.3575)
(161.9227 123.9718 444.0259)(95.8755 114.502 353.5955)(161.9227 196.5413 444.0259)(95.8755 205.6309 353.5955)
(162.4822 124.0288 444.7105)(96.44092 114.6118 354.4319)(162.4822 196.4866 444.7105)(96.44092 205.5256 354.4319)
(163.1014 124.0915 445.4659)(97.06707 114.7325 355.3571)(163.1014 196.4265 445.4659)(97.06707 205.4096 355.3571)
(163.8003 124.1618 446.316)(97.77451 114.8681 356.4011)(163.8003 196.359 446.316)(97.77451 205.2795 356.4011)
(164.4359 124.2253 447.0865)(98.41845 114.9906 357.3501)(164.4359 196.298 447.0865)(98.41845 205.1619 357.3501)
(165.054 124.2867 447.8336)(99.04514 115.1091 358.2727)(165.054 196.2392 447.8336)(99.04514 205.0482 358.2727)
(165.5656 124.3371 448.4503)(99.56434 115.2066 359.0362)(165.5656 196.1907 448.4503)(99.56434 204.9546 359.0362)
(166.1803 124.3974 449.1891)(100.1886 115.3233 359.9531)(166.1803 196.1328 449.1891)(100.1886 204.8426 359.9531)
(166.8419 124.4619 449.9818)(100.8611 115.4481 360.9396)(166.8419 196.0709 449.9818)(100.8611 204.7227 360.9396)
(167.4833 124.524 450.7478)(101.5135 115.5685 361.8956)(167.4833 196.0113 450.7478)(101.5135 204.6073 361.8956)
(168.1874 124.5917 451.5857)(102.2303 115.6998 362.9445)(168.1874 195.9464 451.5857)(102.2303 204.4812 362.9445)
(168.7934 124.6496 452.3045)(102.8477 115.8121 363.8467)(168.7934 195.8908 452.3045)(102.8477 204.3734 363.8467)
(169.4211 124.7091 453.0465)(103.4877 115.9278 364.7808)(169.4211 195.8337 453.0465)(103.4877 204.2623 364.7808)
(170.3418 124.7957 454.1306)(104.4272 116.0964 366.1501)(170.3418 195.7505 454.1306)(104.4272 204.1006 366.1501)
(171.0443 124.8613 454.9541)(105.1448 116.224 367.1941)(171.0443 195.6876 454.9541)(105.1448 203.978 367.1941)
(171.7909 124.9304 455.8258)(105.9079 116.3588 368.3029)(171.7909 195.6213 455.8258)(105.9079 203.8486 368.3029)
(172.4875 124.9944 456.636)(106.6207 116.4838 369.3368)(172.4875 195.5598 456.636)(106.6207 203.7287 369.3368)
(173.3337 125.0715 457.6159)(107.487 116.6345 370.5916)(173.3337 195.4859 457.6159)(107.487 203.584 370.5916)
(174.2228 125.1517 458.6404)(108.3981 116.7917 371.909)(174.2228 195.4088 458.6404)(108.3981 203.4332 371.909)
(174.9977 125.221 459.5291)(109.1929 116.9276 373.0561)(174.9977 195.3423 459.5291)(109.1929 203.3027 373.0561)
(175.7044 125.2838 460.3361)(109.9182 117.0508 374.1013)(175.7044 195.2821 460.3361)(109.9182 203.1845 374.1013)
(176.5912 125.3618 461.3441)(110.829 117.2042 375.4118)(176.5912 195.2072 461.3441)(110.829 203.0372 375.4118)
(177.4473 125.4364 462.312)(111.709 117.3511 376.6754)(177.4473 195.1356 462.312)(111.709 202.8962 376.6754)
(178.0986 125.4927 463.045)(112.3789 117.4621 377.6359)(178.0986 195.0815 463.045)(112.3789 202.7897 377.6359)
(178.9187 125.563 463.9639)(113.223 117.601 378.8441)(178.9187 195.014 463.9639)(113.223 202.6564 378.8441)
(180.2251 125.6738 465.4179)(114.5688 117.82 380.7659)(180.2251 194.9078 465.4179)(114.5688 202.4461 380.7659)
(181.0955 125.7466 466.38)(115.4662 117.9645 382.0443)(181.0955 194.8378 466.38)(115.4662 202.3075 382.0443)
(181.8386 125.8083 467.197)(116.2327 118.0869 383.1342)(181.8386 194.7786 467.197)(116.2327 202.1899 383.1342)
(182.6091 125.8717 468.0402)(117.0282 118.213 384.2633)(182.6091 194.7178 468.0402)(117.0282 202.0689 384.2633)
(183.3298 125.9305 468.8247)(117.7724 118.3301 385.3179)(183.3298 194.6613 468.8247)(117.7724 201.9565 385.3179)
(184.1506 125.9968 469.7138)(118.6206 118.4626 386.5177)(184.1506 194.5976 469.7138)(118.6206 201.8294 386.5177)
(184.8784 126.0552 470.498)(119.3731 118.5792 387.5801)(184.8784 194.5416 470.498)(119.3731 201.7175 387.5801)
(185.5503 126.1086 471.2184)(120.068 118.6861 388.5598)(185.5503 194.4904 471.2184)(120.068 201.6148 388.5598)
(186.2636 126.1649 471.9795)(120.8061 118.7989 389.5984)(186.2636 194.4364 471.9795)(120.8061 201.5065 389.5984)
(187.0793 126.2286 472.8451)(121.6506 118.927 390.7844)(187.0793 194.3751 472.8451)(121.6506 201.3836 390.7844)
(187.9556 126.2965 473.7696)(122.5583 119.0635 392.0568)(187.9556 194.31 473.7696)(122.5583 201.2525 392.0568)
(188.7208 126.3551 474.5719)(123.3512 119.1818 393.1658)(188.7208 194.2537 474.5719)(123.3512 201.139 393.1658)
(189.433 126.4093 475.3147)(124.0896 119.2912 394.1967)(189.433 194.2017 475.3147)(124.0896 201.034 394.1967)
(190.3041 126.4749 476.2178)(124.9931 119.424 395.4555)(190.3041 194.1388 476.2178)(124.9931 200.9066 395.4555)
(191.3116 126.5499 477.2549)(126.0385 119.5762 396.9084)(191.3116 194.0668 477.2549)(126.0385 200.7605 396.9084)
(192.3296 126.6248 478.2947)(127.0953 119.7285 398.3734)(192.3296 193.9949 478.2947)(127.0953 200.6143 398.3734)
(193.0594 126.6779 479.0349)(127.8532 119.8368 399.4215)(193.0594 193.9439 479.0349)(127.8532 200.5103 399.4215)
(194.1976 126.7598 480.181)(129.0359 120.0042 401.0528)(194.1976 193.8653 480.181)(129.0359 200.3496 401.0528)
(195.0706 126.8219 481.0529)(129.9433 120.1314 402.301)(195.0706 193.8057 481.0529)(129.9433 200.2275 402.301)
(195.8488 126.8767 481.8248)(130.7525 120.2439 403.4115)(195.8488 193.7531 481.8248)(130.7525 200.1196 403.4115)
(196.6982 126.9358 482.6617)(131.6359 120.3658 404.6211)(196.6982 193.6964 482.6617)(131.6359 200.0026 404.6211)
(197.4676 126.9889 483.4144)(132.4363 120.4753 405.7144)(197.4676 193.6454 483.4144)(132.4363 199.8975 405.7144)
(198.275 127.044 484.1991)(133.2766 120.5893 406.8596)(198.275 193.5925 484.1991)(133.2766 199.788 406.8596)
(198.9664 127.0907 484.8667)(133.9963 120.6863 407.8382)(198.9664 193.5477 484.8667)(133.9963 199.6949 407.8382)
(199.6371 127.1357 485.5103)(134.6945 120.7797 408.7857)(199.6371 193.5045 485.5103)(134.6945 199.6052 408.7857)
(200.3569 127.1835 486.1969)(135.4442 120.8794 409.8008)(200.3569 193.4586 486.1969)(135.4442 199.5096 409.8008)
(201.1053 127.2328 486.906)(136.2237 120.9822 410.8539)(201.1053 193.4113 486.906)(136.2237 199.4109 410.8539)
(201.8201 127.2794 487.5787)(136.9683 121.0797 411.8576)(201.8201 193.3666 487.5787)(136.9683 199.3173 411.8576)
(202.8621 127.3465 488.5515)(138.0541 121.2207 413.3172)(202.8621 193.3022 488.5515)(138.0541 199.182 413.3172)
(203.7351 127.402 489.359)(138.9639 121.3377 414.5363)(203.7351 193.2489 489.359)(138.9639 199.0697 414.5363)
(204.5407 127.4527 490.0983)(139.8038 121.4448 415.6587)(204.5407 193.2002 490.0983)(139.8038 198.9669 415.6587)
(205.4857 127.5115 490.9582)(140.7891 121.5693 416.9716)(205.4857 193.1438 490.9582)(140.7891 198.8474 416.9716)
(206.2041 127.5556 491.6064)(141.5382 121.6632 417.9669)(206.2041 193.1014 491.6064)(141.5382 198.7572 417.9669)
(207.1056 127.6104 492.4133)(142.4783 121.7801 419.2127)(207.1056 193.0488 492.4133)(142.4783 198.645 419.2127)
(208.0376 127.6664 493.2397)(143.4505 121.8999 420.4967)(208.0376 192.9951 493.2397)(143.4505 198.5301 420.4967)
(208.9434 127.72 494.0352)(144.3954 122.0152 421.7408)(208.9434 192.9436 494.0352)(144.3954 198.4194 421.7408)
(209.7223 127.7657 494.7133)(145.2079 122.1136 422.8073)(209.7223 192.8998 494.7133)(145.2079 198.325 422.8073)
(210.4435 127.8074 495.3361)(145.9605 122.2039 423.7924)(210.4435 192.8597 495.3361)(145.9605 198.2382 423.7924)
(211.2581 127.8541 496.0336)(146.8104 122.3053 424.9019)(211.2581 192.8149 496.0336)(146.8104 198.141 424.9019)
(212.8497 127.9437 497.3786)(148.4713 122.5008 427.06)(212.8497 192.7289 497.3786)(148.4713 197.9533 427.06)
(214.3772 128.0278 498.6467)(150.0655 122.6855 429.1191)(214.3772 192.6482 498.6467)(150.0655 197.776 429.1191)
(215.1079 128.0674 499.2454)(150.8281 122.7729 430.0997)(215.1079 192.6103 499.2454)(150.8281 197.6921 430.0997)
(215.8321 128.1061 499.8336)(151.5839 122.8588 431.0687)(215.8321 192.5731 499.8336)(151.5839 197.6096 431.0687)
(216.4671 128.1397 500.3452)(152.2466 122.9336 431.9161)(216.4671 192.5408 500.3452)(152.2466 197.5378 431.9161)
(217.2082 128.1786 500.9373)(153.0201 123.0204 432.9023)(217.2082 192.5035 500.9373)(153.0201 197.4546 432.9023)
(217.8385 128.2113 501.4367)(153.6779 123.0936 433.7386)(217.8385 192.4721 501.4367)(153.6779 197.3843 433.7386)
(218.4428 128.2423 501.9118)(154.3087 123.1634 434.5384)(218.4428 192.4423 501.9118)(154.3087 197.3173 434.5384)
(219.2406 128.2828 502.5334)(155.1412 123.2548 435.5909)(219.2406 192.4034 502.5334)(155.1412 197.2296 435.5909)
(220.1436 128.3281 503.2293)(156.0835 123.3574 436.7779)(220.1436 192.36 503.2293)(156.0835 197.1311 436.7779)
(221.0921 128.3749 503.9515)(157.0733 123.4641 438.0196)(221.0921 192.3151 503.9515)(157.0733 197.0287 438.0196)
(222.0911 128.4234 504.7024)(158.1158 123.5753 439.3217)(222.0911 192.2685 504.7024)(158.1158 196.9219 439.3217)
(222.9582 128.4649 505.3459)(159.0205 123.6709 440.4469)(222.9582 192.2287 505.3459)(159.0205 196.8301 440.4469)
(224.0572 128.5166 506.1504)(160.167 123.7909 441.8664)(224.0572 192.179 506.1504)(160.167 196.715 441.8664)
(224.8591 128.5538 506.7297)(161.0035 123.8775 442.8975)(224.8591 192.1434 506.7297)(161.0035 196.6319 442.8975)
(226.0719 128.609 507.5931)(162.2686 124.0071 444.4494)(226.0719 192.0904 507.5931)(162.2686 196.5075 444.4494)
(227.7421 128.6831 508.757)(164.0103 124.1828 446.5708)(227.7421 192.0193 508.757)(164.0103 196.3388 446.5708)
(228.947 128.7352 509.5785)(165.2665 124.3077 448.0899)(228.947 191.9693 509.5785)(165.2665 196.219 448.0899)
(230.085 128.7833 510.3402)(166.4528 124.424 449.5159)(230.085 191.923 510.3402)(166.4528 196.1073 449.5159)
(230.8152 128.8137 510.8217)(167.2138 124.498 450.4262)(230.8152 191.8939 510.8217)(167.2138 196.0363 450.4262)
(231.6753 128.8489 511.3816)(168.1101 124.5843 451.4938)(231.6753 191.8601 511.3816)(168.1101 195.9535 451.4938)
(232.2948 128.8739 511.7799)(168.7555 124.6459 452.2596)(232.2948 191.8361 511.7799)(168.7555 195.8943 452.2596)
(232.9124 128.8986 512.1728)(169.3988 124.707 453.0202)(232.9124 191.8124 512.1728)(169.3988 195.8357 453.0202)
(233.9676 128.94 512.8347)(170.4979 124.8103 454.3138)(233.9676 191.7726 512.8347)(170.4979 195.7365 454.3138)
(234.7861 128.9716 513.3397)(171.3503 124.8896 455.3118)(234.7861 191.7424 513.3397)(171.3503 195.6604 455.3118)
(235.4343 128.9962 513.7344)(172.0251 124.9519 456.0986)(235.4343 191.7187 513.7344)(172.0251 195.6006 456.0986)
(236.0267 129.0184 514.0912)(172.6418 125.0085 456.815)(236.0267 191.6974 514.0912)(172.6418 195.5463 456.815)
(237.1648 129.0603 514.7657)(173.8263 125.116 458.1842)(237.1648 191.6572 514.7657)(173.8263 195.4431 458.1842)
(238.383 129.104 515.4717)(175.0938 125.2296 459.6391)(238.383 191.6152 515.4717)(175.0938 195.334 459.6391)
(239.4236 129.1405 516.0618)(176.1761 125.3254 460.873)(239.4236 191.5802 516.0618)(176.1761 195.2421 460.873)
(240.157 129.1657 516.4704)(176.9388 125.3922 461.7376)(240.157 191.556 516.4704)(176.9388 195.178 461.7376)
(241.1022 129.1976 516.9881)(177.9214 125.4774 462.8459)(241.1022 191.5254 516.9881)(177.9214 195.0962 462.8459)
(242.6274 129.2476 517.8022)(179.5065 125.613 464.6196)(242.6274 191.4774 517.8022)(179.5065 194.966 464.6196)
(243.4638 129.2742 518.2374)(180.3754 125.6864 465.5844)(243.4638 191.4518 518.2374)(180.3754 194.8956 465.5844)
(244.2212 129.2979 518.6246)(181.162 125.7522 466.4533)(244.2212 191.4291 518.6246)(181.162 194.8325 466.4533)
(245.3436 129.3322 519.1863)(182.3274 125.8486 467.7324)(245.3436 191.3962 519.1863)(182.3274 194.74 467.7324)
(246.6734 129.3716 519.8332)(183.7075 125.9611 469.2345)(246.6734 191.3583 519.8332)(183.7075 194.632 469.2345)
(247.4627 129.3944 520.2075)(184.5263 126.027 470.119)(247.4627 191.3365 520.2075)(184.5263 194.5687 470.119)
(248.2118 129.4156 520.5561)(185.3033 126.089 470.9539)(248.2118 191.3162 520.5561)(185.3033 194.5092 470.9539)
(249.3409 129.4467 521.069)(186.4739 126.1814 472.2032)(249.3409 191.2863 521.069)(186.4739 194.4205 472.2032)
(250.2408 129.4708 521.4673)(187.4066 126.2541 473.1911)(250.2408 191.2632 521.4673)(187.4066 194.3507 473.1911)
(251.4943 129.5033 522.0062)(188.7052 126.354 474.5556)(251.4943 191.232 522.0062)(188.7052 194.2548 474.5556)
(252.428 129.5268 522.3956)(189.6721 126.4274 475.5631)(252.428 191.2094 522.3956)(189.6721 194.1844 475.5631)
(253.3882 129.5502 522.7853)(190.666 126.502 476.5913)(253.3882 191.1869 522.7853)(190.666 194.1128 476.5913)
(254.6511 129.58 523.2813)(191.9727 126.5987 477.9311)(254.6511 191.1583 523.2813)(191.9727 194.02 477.9311)
(255.4979 129.5994 523.6032)(192.8485 126.6626 478.8215)(255.4979 191.1398 523.6032)(192.8485 193.9586 478.8215)
(256.2062 129.6151 523.8659)(193.5809 126.7156 479.5613)(256.2062 191.1246 523.8659)(193.5809 193.9077 479.5613)
(256.9746 129.6318 524.1442)(194.3752 126.7725 480.3588)(256.9746 191.1087 524.1442)(194.3752 193.8531 480.3588)
(257.6478 129.646 524.3821)(195.0707 126.8219 481.0529)(257.6478 191.095 524.3821)(195.0707 193.8057 481.0529)
(258.2958 129.6594 524.606)(195.7401 126.869 481.7173)(258.2958 191.0822 524.606)(195.7401 193.7605 481.7173)
(259.0337 129.6743 524.8549)(196.5021 126.9222 482.4689)(259.0337 191.0679 524.8549)(196.5021 193.7094 482.4689)
(259.7972 129.6892 525.1054)(197.2903 126.9767 483.2414)(259.7972 191.0535 525.1054)(197.2903 193.6571 483.2414)
(260.5185 129.7029 525.3357)(198.0346 127.0276 483.9661)(260.5185 191.0404 525.3357)(198.0346 193.6082 483.9661)
(261.2704 129.7168 525.569)(198.8103 127.0802 484.7164)(261.2704 191.027 525.569)(198.8103 193.5578 484.7164)
(262.0223 129.7303 525.7955)(199.5858 127.1323 485.4613)(262.0223 191.0141 525.7955)(199.5858 193.5078 485.4613)
(262.5828 129.7401 525.9599)(200.1636 127.1707 486.013)(262.5828 191.0047 525.9599)(200.1636 193.4709 486.013)
(263.1739 129.7501 526.1291)(200.7728 127.211 486.5916)(263.1739 190.9951 526.1291)(200.7728 193.4323 486.5916)
(263.7056 129.7589 526.2776)(201.3207 127.2468 487.1092)(263.7056 190.9866 526.2776)(201.3207 193.3978 487.1092)
(264.2805 129.7682 526.4344)(201.913 127.2854 487.6658)(264.2805 190.9777 526.4344)(201.913 193.3608 487.6658)
(264.7868 129.7762 526.5692)(202.4345 127.3191 488.1534)(264.7868 190.97 526.5692)(202.4345 193.3285 488.1534)
(265.3986 129.7856 526.7278)(203.0644 127.3594 488.7392)(265.3986 190.961 526.7278)(203.0644 193.2898 488.7392)
(267.8139 129.8201 527.3092)(205.5494 127.5154 491.0158)(267.8139 190.9279 527.3092)(205.5494 193.14 491.0158)
(269.8235 129.8454 527.7384)(207.6149 127.6411 492.8658)(269.8235 190.9036 527.7384)(207.6149 193.0194 492.8658)
(271.4576 129.8638 528.0507)(209.2928 127.7406 494.3401)(271.4576 190.8859 528.0507)(209.2928 192.9239 494.3401)
(272.314 129.8727 528.2012)(210.1716 127.7917 495.1018)(272.314 190.8774 528.2012)(210.1716 192.8748 495.1018)
(273.1902 129.8812 528.3458)(211.0704 127.8434 495.8735)(273.1902 190.8692 528.3458)(211.0704 192.8252 495.8735)
(274.0874 129.8894 528.4839)(211.9902 127.8956 496.6553)(274.0874 190.8614 528.4839)(211.9902 192.7751 496.6553)
(274.922 129.8964 528.6036)(212.8455 127.9435 497.3751)(274.922 190.8547 528.6036)(212.8455 192.7291 497.3751)
(275.5617 129.9015 528.6893)(213.5008 127.9798 497.9219)(275.5617 190.8498 528.6893)(213.5008 192.6943 497.9219)
(276.5101 129.9084 528.8072)(214.472 128.033 498.7247)(276.5101 190.8431 528.8072)(214.472 192.6433 498.7247)
(277.1955 129.913 528.8854)(215.1735 128.0709 499.2989)(277.1955 190.8387 528.8854)(215.1735 192.6069 499.2989)
(277.8706 129.9172 528.9567)(215.8642 128.1078 499.8596)(277.8706 190.8347 528.9567)(215.8642 192.5714 499.8596)
(278.506 129.9208 529.0186)(216.5142 128.1422 500.383)(278.506 190.8312 529.0186)(216.5142 192.5384 500.383)
(279.3586 129.9252 529.0939)(217.3858 128.1878 501.0785)(279.3586 190.827 529.0939)(217.3858 192.4946 501.0785)
(280.128 129.9288 529.154)(218.1721 128.2284 501.6994)(280.128 190.8236 529.154)(218.1721 192.4556 501.6994)
(280.9373 129.932 529.2092)(218.9988 128.2706 502.3456)(280.9373 190.8205 529.2092)(218.9988 192.4152 502.3456)
(281.6888 129.9346 529.2532)(219.7661 128.3092 502.9394)(281.6888 190.818 529.2532)(219.7661 192.3781 502.9394)
(284.4494 129.9405 529.3542)(222.5821 128.447 505.0677)(284.4494 190.8123 529.3542)(222.5821 192.2459 505.0677)
(285.9942 129.9414 529.3693)(224.1561 128.5212 506.2222)(285.9942 190.8115 529.3693)(224.1561 192.1746 506.2222)
(288.5958 129.9389 529.3272)(226.8036 128.6417 508.1066)(288.5958 190.8138 529.3272)(226.8036 192.059 508.1066)
(289.4352 129.9371 529.2956)(227.6569 128.6793 508.6984)(289.4352 190.8156 529.2956)(227.6569 192.0228 508.6984)
(290.2544 129.9348 529.2562)(228.4894 128.7155 509.2683)(290.2544 190.8178 529.2562)(228.4894 191.9881 509.2683)
(291.054 129.932 529.2098)(229.3015 128.7503 509.8173)(291.054 190.8205 529.2098)(229.3015 191.9548 509.8173)
(291.7551 129.9293 529.1625)(230.0133 128.7803 510.2926)(291.7551 190.8231 529.1625)(230.0133 191.9259 510.2926)
(292.3481 129.9266 529.1176)(230.6151 128.8054 510.6904)(292.3481 190.8256 529.1176)(230.6151 191.9019 510.6904)
(292.8903 129.924 529.0729)(231.1652 128.8281 511.0505)(292.8903 190.8282 529.0729)(231.1652 191.8801 511.0505)
(293.6624 129.9199 529.0027)(231.9483 128.86 511.5576)(293.6624 190.8321 529.0027)(231.9483 191.8495 511.5576)
(294.3723 129.9157 528.9317)(232.6679 128.8889 512.0178)(294.3723 190.8361 528.9317)(232.6679 191.8217 512.0178)
(294.9651 129.9119 528.8676)(233.2686 128.9127 512.3976)(294.9651 190.8398 528.8676)(233.2686 191.7989 512.3976)
(295.527 129.9081 528.8028)(233.8378 128.935 512.7539)(295.527 190.8434 528.8028)(233.8378 191.7775 512.7539)
(296.1577 129.9036 528.7254)(234.4764 128.9597 513.1495)(296.1577 190.8478 528.7254)(234.4764 191.7538 513.1495)
(296.7706 129.8989 528.6454)(235.0968 128.9834 513.5295)(296.7706 190.8523 528.6454)(235.0968 191.731 513.5295)
(297.2314 129.8951 528.5822)(235.5632 129.001 513.8124)(297.2314 190.8559 528.5822)(235.5632 191.7141 513.8124)
(297.8256 129.8901 528.4968)(236.1643 129.0235 514.1735)(297.8256 190.8607 528.4968)(236.1643 191.6925 514.1735)
(298.4261 129.8848 528.4061)(236.7716 129.0459 514.5343)(298.4261 190.8658 528.4061)(236.7716 191.671 514.5343)
(298.995 129.8795 528.316)(237.3467 129.0669 514.8722)(298.995 190.8709 528.316)(237.3467 191.6508 514.8722)
(299.539 129.8742 528.2261)(237.8965 129.0867 515.1917)(299.539 190.876 528.2261)(237.8965 191.6319 515.1917)
(300.106 129.8684 528.1285)(238.4693 129.1071 515.5212)(300.106 190.8815 528.1285)(238.4693 191.6123 515.5212)
(300.6169 129.8631 528.0372)(238.9852 129.1252 515.8148)(300.6169 190.8867 528.0372)(238.9852 191.5948 515.8148)
(301.293 129.8556 527.9113)(239.6678 129.1489 516.1985)(301.293 190.8938 527.9113)(239.6678 191.5721 516.1985)
(301.8835 129.8489 527.7968)(240.2638 129.1693 516.5294)(301.8835 190.9003 527.7968)(240.2638 191.5525 516.5294)
(302.507 129.8415 527.6713)(240.8928 129.1906 516.8743)(302.507 190.9074 527.6713)(240.8928 191.5321 516.8743)
(303.0456 129.8348 527.5589)(241.436 129.2087 517.1685)(303.0456 190.9138 527.5589)(241.436 191.5148 517.1685)
(303.5608 129.8283 527.4481)(241.9554 129.2258 517.4467)(303.5608 190.92 527.4481)(241.9554 191.4984 517.4467)
(304.0867 129.8214 527.3316)(242.4853 129.243 517.7275)(304.0867 190.9267 527.3316)(242.4853 191.4818 517.7275)
(304.7548 129.8123 527.1788)(243.1585 129.2646 518.0794)(304.7548 190.9353 527.1788)(243.1585 191.4611 518.0794)
(305.2659 129.8052 527.0581)(243.6733 129.2809 518.3452)(305.2659 190.9422 527.0581)(243.6733 191.4455 518.3452)
(305.7885 129.7977 526.9315)(244.1994 129.2973 518.6135)(305.7885 190.9494 526.9315)(244.1994 191.4297 518.6135)
(306.2624 129.7907 526.8137)(244.6764 129.312 518.8542)(306.2624 190.9561 526.8137)(244.6764 191.4156 518.8542)
(306.8436 129.782 526.6655)(245.2612 129.3297 519.1456)(306.8436 190.9645 526.6655)(245.2612 191.3985 519.1456)
(307.5037 129.7717 526.4922)(245.9251 129.3496 519.4717)(307.5037 190.9744 526.4922)(245.9251 191.3795 519.4717)
(308.0041 129.7637 526.3574)(246.4283 129.3645 519.7155)(308.0041 190.9821 526.3574)(246.4283 191.3652 519.7155)
(308.5489 129.7547 526.207)(246.9758 129.3804 519.9775)(308.5489 190.9906 526.207)(246.9758 191.3499 519.9775)
(309.1165 129.7452 526.0465)(247.5461 129.3968 520.2466)(309.1165 190.9998 526.0465)(247.5461 191.3342 520.2466)
(309.682 129.7355 525.8828)(248.1142 129.4128 520.511)(309.682 191.0091 525.8828)(248.1142 191.3188 520.511)
(310.2572 129.7253 525.7122)(248.6918 129.4289 520.7759)(310.2572 191.0189 525.7122)(248.6918 191.3034 520.7759)
(310.7372 129.7167 525.5667)(249.1736 129.4421 520.994)(310.7372 191.0272 525.5667)(249.1736 191.2907 520.994)
(311.2672 129.7069 525.4029)(249.7055 129.4565 521.2316)(311.2672 191.0365 525.4029)(249.7055 191.2769 521.2316)
(311.8099 129.6967 525.2316)(250.25 129.471 521.4713)(311.8099 191.0463 525.2316)(250.25 191.263 521.4713)
(312.3005 129.6873 525.0738)(250.7419 129.4839 521.6849)(312.3005 191.0553 525.0738)(250.7419 191.2506 521.6849)
(312.887 129.6758 524.8812)(251.3299 129.4991 521.9365)(312.887 191.0664 524.8812)(251.3299 191.236 521.9365)
(313.4229 129.6651 524.7017)(251.8669 129.5128 522.1628)(313.4229 191.0767 524.7017)(251.8669 191.2229 522.1628)
(314.072 129.6518 524.4796)(252.5172 129.529 522.4323)(314.072 191.0894 524.4796)(252.5172 191.2073 522.4323)
(314.5607 129.6416 524.309)(253.0067 129.541 522.6318)(314.5607 191.0992 524.309)(253.0067 191.1958 522.6318)
(315.0938 129.6303 524.1197)(253.5405 129.5539 522.8461)(315.0938 191.1101 524.1197)(253.5405 191.1834 522.8461)
(315.7811 129.6154 523.8706)(254.2283 129.5702 523.1174)(315.7811 191.1244 523.8706)(254.2283 191.1678 523.1174)
(316.3422 129.603 523.6631)(254.7896 129.5833 523.3345)(316.3422 191.1363 523.6631)(254.7896 191.1552 523.3345)
(316.8193 129.5922 523.4836)(255.2668 129.5942 523.5162)(316.8193 191.1466 523.4836)(255.2668 191.1448 523.5162)
(317.4109 129.5786 523.2574)(255.8583 129.6074 523.7376)(317.4109 191.1597 523.2574)(255.8583 191.132 523.7376)
(317.9742 129.5654 523.0381)(256.4212 129.6198 523.9445)(317.9742 191.1723 523.0381)(256.4212 191.1201 523.9445)
(318.6432 129.5495 522.7728)(257.0896 129.6342 524.1852)(318.6432 191.1876 522.7728)(257.0896 191.1063 524.1852)
(319.3305 129.5327 522.4947)(257.7759 129.6487 524.4268)(319.3305 191.2037 522.4947)(257.7759 191.0924 524.4268)
(319.9007 129.5186 522.2597)(258.3452 129.6604 524.6229)(319.9007 191.2173 522.2597)(258.3452 191.0812 524.6229)
(320.4534 129.5046 522.0283)(258.8968 129.6715 524.8092)(320.4534 191.2307 522.0283)(258.8968 191.0705 524.8092)
(321.3779 129.4808 521.6332)(259.8189 129.6896 525.1125)(321.3779 191.2536 521.6332)(259.8189 191.0531 525.1125)
(321.9496 129.4657 521.3838)(260.389 129.7005 525.2948)(321.9496 191.2681 521.3838)(260.389 191.0427 525.2948)
(322.5453 129.4497 521.12)(260.9827 129.7116 525.4805)(322.5453 191.2834 521.12)(260.9827 191.0321 525.4805)
(323.1558 129.4331 520.8452)(261.591 129.7226 525.6664)(323.1558 191.2994 520.8452)(261.591 191.0215 525.6664)
(323.795 129.4154 520.5529)(262.2276 129.7339 525.8561)(323.795 191.3164 520.5529)(262.2276 191.0106 525.8561)
(324.3271 129.4004 520.306)(262.7573 129.7431 526.0103)(324.3271 191.3307 520.306)(262.7573 191.0018 526.0103)
(324.8896 129.3843 520.0414)(263.3172 129.7525 526.1695)(324.8896 191.3462 520.0414)(263.3172 190.9928 526.1695)
(325.6078 129.3634 519.6982)(264.0318 129.7643 526.3671)(325.6078 191.3662 519.6982)(264.0318 190.9815 526.3671)
(326.4823 129.3375 519.2723)(264.9013 129.778 526.5992)(326.4823 191.3911 519.2723)(264.9013 190.9683 526.5992)
(327.2369 129.3146 518.8976)(265.6514 129.7894 526.7919)(327.2369 191.4131 518.8976)(265.6514 190.9573 526.7919)
(327.8432 129.2959 518.592)(266.2538 129.7983 526.9418)(327.8432 191.431 518.592)(266.2538 190.9488 526.9418)
(328.4968 129.2755 518.2578)(266.9029 129.8076 527.0983)(328.4968 191.4506 518.2578)(266.9029 190.9399 527.0983)
(329.3656 129.2478 517.8059)(267.7654 129.8194 527.2983)(329.3656 191.4772 517.8059)(267.7654 190.9286 527.2983)
(329.9797 129.2279 517.4813)(268.3748 129.8274 527.434)(329.9797 191.4963 517.4813)(268.3748 190.9209 527.434)
(330.6226 129.2067 517.1369)(269.0125 129.8355 527.5712)(330.6226 191.5166 517.1369)(269.0125 190.9131 527.5712)
(331.3209 129.1834 516.7576)(269.7049 129.844 527.7144)(331.3209 191.539 516.7576)(269.7049 190.9049 527.7144)
(332.0682 129.158 516.3456)(270.4455 129.8527 527.8611)(332.0682 191.5634 516.3456)(270.4455 190.8966 527.8611)
(332.6007 129.1397 516.0483)(270.973 129.8586 527.9615)(332.6007 191.581 516.0483)(270.973 190.891 527.9615)
(333.2025 129.1187 515.7083)(271.5691 129.865 528.0708)(333.2025 191.6012 515.7083)(271.5691 190.8848 528.0708)
(333.9264 129.093 515.2941)(272.2856 129.8724 528.1964)(333.9264 191.6258 515.2941)(272.2856 190.8777 528.1964)
(334.6908 129.0655 514.8503)(273.0421 129.8798 528.322)(334.6908 191.6522 514.8503)(273.0421 190.8705 528.322)
(335.4509 129.0377 514.4026)(273.7939 129.8868 528.4398)(335.4509 191.6788 514.4026)(273.7939 190.8639 528.4398)
(336.0919 129.0139 514.0201)(274.4277 129.8923 528.5338)(336.0919 191.7017 514.0201)(274.4277 190.8586 528.5338)
(336.7953 128.9875 513.5952)(275.123 129.898 528.631)(336.7953 191.7271 513.5952)(275.123 190.8531 528.631)
(337.6917 128.9532 513.0458)(276.0084 129.9048 528.7463)(337.6917 191.76 513.0458)(276.0084 190.8466 528.7463)
(338.4103 128.9253 512.5991)(276.7179 129.9098 528.8315)(338.4103 191.7868 512.5991)(276.7179 190.8418 528.8315)
(339.1868 128.8947 512.11)(277.4844 129.9148 528.9166)(339.1868 191.8162 512.11)(277.4844 190.837 528.9166)
(340.0579 128.8597 511.5536)(278.3437 129.9199 529.0033)(340.0579 191.8497 511.5536)(278.3437 190.8321 529.0033)
(340.805 128.8293 511.07)(279.0804 129.9238 529.0703)(340.805 191.8789 511.07)(279.0804 190.8283 529.0703)
(341.4442 128.8029 510.6514)(279.7104 129.9269 529.1223)(341.4442 191.9042 510.6514)(279.7104 190.8254 529.1223)
(342.0747 128.7766 510.2342)(280.3317 129.9296 529.1686)(342.0747 191.9295 510.2342)(280.3317 190.8228 529.1686)
(342.7289 128.749 509.7969)(280.9759 129.9321 529.2117)(342.7289 191.956 509.7969)(280.9759 190.8203 529.2117)
(343.4778 128.7169 509.2906)(281.7133 129.9347 529.2545)(343.4778 191.9868 509.2906)(281.7133 190.8179 529.2545)
(344.3855 128.6775 508.6691)(282.6066 129.9372 529.2973)(344.3855 192.0246 508.6691)(282.6066 190.8155 529.2973)
(345.0877 128.6465 508.1824)(283.2973 129.9387 529.3237)(345.0877 192.0544 508.1824)(283.2973 190.814 529.3237)
(345.8622 128.6119 507.6396)(284.0587 129.94 529.3458)(345.8622 192.0876 507.6396)(284.0587 190.8128 529.3458)
(346.5277 128.5818 507.1682)(284.7129 129.9408 529.3589)(346.5277 192.1165 507.1682)(284.7129 190.8121 529.3589)
(347.2488 128.5488 506.6522)(285.4213 129.9413 529.3672)(347.2488 192.1481 506.6522)(285.4213 190.8116 529.3672)
(347.8863 128.5193 506.1916)(286.0473 129.9414 529.3693)(347.8863 192.1765 506.1916)(286.0473 190.8115 529.3693)
(348.5896 128.4863 505.6786)(286.7378 129.9412 529.3659)(348.5896 192.2081 505.6786)(286.7378 190.8116 529.3659)
(349.8671 128.4254 504.7337)(287.9912 129.9399 529.3445)(349.8671 192.2665 504.7337)(287.9912 190.8129 529.3445)
(350.8278 128.3788 504.0122)(288.9333 129.9382 529.3156)(350.8278 192.3113 504.0122)(288.9333 190.8145 529.3156)
(351.8017 128.3308 503.2713)(289.8878 129.9359 529.2749)(351.8017 192.3574 503.2713)(289.8878 190.8168 529.2749)
(352.6007 128.2908 502.6563)(290.6705 129.9334 529.2331)(352.6007 192.3958 502.6563)(290.6705 190.8191 529.2331)
(353.6087 128.2397 501.8715)(291.6574 129.9297 529.1694)(353.6087 192.4449 501.8715)(291.6574 190.8227 529.1694)
(354.4401 128.1969 501.2166)(292.471 129.926 529.1078)(354.4401 192.4859 501.2166)(292.471 190.8262 529.1078)
(355.2357 128.1554 500.5834)(293.2494 129.9221 529.0412)(355.2357 192.5258 500.5834)(293.2494 190.83 529.0412)
(356.0665 128.1115 499.9157)(294.0616 129.9176 528.9636)(356.0665 192.5679 499.9157)(294.0616 190.8343 528.9636)
(356.7908 128.0728 499.3281)(294.7696 129.9132 528.8892)(356.7908 192.605 499.3281)(294.7696 190.8385 528.8892)
(357.6246 128.0277 498.6453)(295.5842 129.9077 528.796)(357.6246 192.6483 498.6453)(295.5842 190.8438 528.796)
(358.3614 127.9874 498.0364)(296.3037 129.9025 528.7068)(358.3614 192.687 498.0364)(296.3037 190.8488 528.7068)
(359.1236 127.9452 497.401)(297.0479 129.8967 528.6077)(359.1236 192.7275 497.401)(297.0479 190.8544 528.6077)
(359.7989 127.9075 496.8335)(297.7068 129.8912 528.5143)(359.7989 192.7637 496.8335)(297.7068 190.8597 528.5143)
(361.2465 127.8253 495.6024)(299.1188 129.8783 528.2959)(361.2465 192.8426 495.6024)(299.1188 190.872 528.2959)
(363.799 127.6761 493.3839)(301.6058 129.8521 527.8512)(363.799 192.9858 493.3839)(301.6058 190.8972 527.8512)
(365.1547 127.5947 492.1812)(302.9254 129.8363 527.5843)(365.1547 193.0639 492.1812)(302.9254 190.9123 527.5843)
(366.4489 127.5155 491.0174)(304.1845 129.8201 527.3096)(366.4489 193.14 491.0174)(304.1845 190.9279 527.3096)
(367.3728 127.4581 490.1774)(305.0828 129.8078 527.1017)(367.3728 193.195 490.1774)(305.0828 190.9397 527.1017)
(368.8368 127.3657 488.8309)(306.5054 129.7871 526.7523)(368.8368 193.2837 488.8309)(306.5054 190.9596 526.7523)
(370.0428 127.2883 487.7074)(307.6765 129.7689 526.446)(370.0428 193.3581 487.7074)(307.6765 190.977 526.446)
(371.122 127.2179 486.6913)(308.7241 129.7518 526.1579)(371.122 193.4256 486.6913)(308.7241 190.9934 526.1579)
(372.3652 127.1355 485.5082)(309.9301 129.7311 525.8096)(372.3652 193.5046 485.5082)(309.9301 191.0133 525.8096)
(373.271 127.0747 484.638)(310.8084 129.7154 525.5449)(373.271 193.563 484.638)(310.8084 191.0284 525.5449)
(374.0555 127.0215 483.8786)(311.5688 129.7013 525.3082)(374.0555 193.6141 483.8786)(311.5688 191.0419 525.3082)
(374.8196 126.9691 483.134)(312.3092 129.6871 525.071)(374.8196 193.6644 483.134)(312.3092 191.0555 525.071)
(375.6906 126.9088 482.2794)(313.1529 129.6705 524.7926)(375.6906 193.7223 482.2794)(313.1529 191.0714 524.7926)
(376.479 126.8537 481.5003)(313.9163 129.655 524.5334)(376.479 193.7752 481.5003)(313.9163 191.0863 524.5334)
(377.4573 126.7845 480.5265)(314.8632 129.6352 524.2021)(377.4573 193.8416 480.5265)(314.8632 191.1053 524.2021)
(378.1731 126.7333 479.8089)(315.5558 129.6203 523.9529)(378.1731 193.8907 479.8089)(315.5558 191.1196 523.9529)
(379.122 126.6648 478.8514)(316.4736 129.6 523.614)(379.122 193.9565 478.8514)(316.4736 191.1391 523.614)
(380.042 126.5976 477.9161)(317.3631 129.5797 523.2758)(380.042 194.021 477.9161)(317.3631 191.1586 523.2758)
(380.7721 126.5437 477.1691)(318.0688 129.5632 523.0009)(380.7721 194.0727 477.1691)(318.0688 191.1745 523.0009)
(381.5177 126.4882 476.4019)(318.7893 129.546 522.7142)(381.5177 194.126 476.4019)(318.7893 191.191 522.7142)
(382.3439 126.4262 475.5466)(319.5874 129.5264 522.3893)(382.3439 194.1855 475.5466)(319.5874 191.2098 522.3893)
(383.0159 126.3752 474.8471)(320.2364 129.5101 522.1196)(383.0159 194.2344 474.8471)(320.2364 191.2254 522.1196)
(384.0667 126.2948 473.7462)(321.2508 129.4841 521.6881)(384.0667 194.3117 473.7462)(321.2508 191.2504 521.6881)
(385.1176 126.2133 472.6367)(322.265 129.4573 521.2447)(385.1176 194.3899 472.6367)(322.265 191.2761 521.2447)
(386.0002 126.1441 471.6985)(323.1164 129.4342 520.8632)(386.0002 194.4563 471.6985)(323.1164 191.2983 520.8632)
(386.7003 126.0887 470.9502)(323.7916 129.4155 520.5546)(386.7003 194.5094 470.9502)(323.7916 191.3163 520.5546)
(387.4709 126.0272 470.122)(324.5347 129.3945 520.2087)(387.4709 194.5685 470.122)(324.5347 191.3364 520.2087)
(388.4796 125.9459 469.0316)(325.5069 129.3664 519.7468)(388.4796 194.6465 469.0316)(325.5069 191.3634 519.7468)
(389.3177 125.8777 468.12)(326.3145 129.3425 519.3547)(389.3177 194.712 468.12)(326.3145 191.3863 519.3547)
(390.1825 125.8065 467.1739)(327.1475 129.3174 518.9424)(390.1825 194.7803 467.1739)(327.1475 191.4105 518.9424)
(390.8513 125.7511 466.4386)(327.7917 129.2975 518.6181)(390.8513 194.8336 466.4386)(327.7917 191.4295 518.6181)
(391.6216 125.6866 465.5878)(328.5333 129.2743 518.239)(391.6216 194.8954 465.5878)(328.5333 191.4518 518.239)
(392.3963 125.6213 464.7279)(329.2791 129.2506 517.8513)(392.3963 194.9581 464.7279)(329.2791 191.4745 517.8513)
(393.1263 125.5592 463.9136)(329.9816 129.2278 517.4803)(393.1263 195.0177 463.9136)(329.9816 191.4964 517.4803)
(393.868 125.4956 463.0826)(330.6953 129.2043 517.0977)(393.868 195.0787 463.0826)(330.6953 191.5189 517.0977)
(394.7079 125.423 462.1369)(331.5032 129.1772 516.6577)(394.7079 195.1485 462.1369)(331.5032 191.5449 516.6577)
(396.13 125.2984 460.5248)(332.8708 129.1303 515.8962)(396.13 195.268 460.5248)(332.8708 191.59 515.8962)
(397.3891 125.1865 459.0862)(334.0811 129.0875 515.2048)(397.3891 195.3754 459.0862)(334.0811 191.6311 515.2048)
(398.2728 125.1071 458.07)(334.9305 129.0568 514.7098)(398.2728 195.4517 458.07)(334.9305 191.6605 514.7098)
(399.1615 125.0264 457.0431)(335.7843 129.0254 514.2042)(399.1615 195.5291 457.0431)(335.7843 191.6907 514.2042)
(400.0095 124.9488 456.0584)(336.599 128.9949 513.7144)(400.0095 195.6036 456.0584)(336.599 191.7199 513.7144)
(400.8947 124.8669 455.0255)(337.4491 128.9626 513.1954)(400.8947 195.6822 455.0255)(337.4491 191.751 513.1954)
(401.9271 124.7705 453.8145)(338.4405 128.9241 512.5803)(401.9271 195.7747 453.8145)(338.4405 191.7879 512.5803)
(402.7301 124.6948 452.8681)(339.2114 128.8937 512.0945)(402.7301 195.8474 452.8681)(339.2114 191.8171 512.0945)
(403.5213 124.6196 451.9315)(339.9709 128.8633 511.6096)(403.5213 195.9196 451.9315)(339.9709 191.8463 511.6096)
(404.3024 124.5447 451.0032)(340.7205 128.8328 511.125)(404.3024 195.9915 451.0032)(340.7205 191.8756 511.125)
(405.0288 124.4745 450.1365)(341.4175 128.804 510.6689)(405.0288 196.0589 450.1365)(341.4175 191.9031 510.6689)
(405.7332 124.4059 449.2929)(342.0934 128.7758 510.2217)(405.7332 196.1247 449.2929)(342.0934 191.9302 510.2217)
(406.2938 124.351 448.6196)(342.6312 128.7531 509.8625)(406.2938 196.1774 448.6196)(342.6312 191.952 509.8625)
(407.0055 124.2808 447.762)(343.3138 128.724 509.402)(407.0055 196.2448 447.762)(343.3138 191.98 509.402)
(407.8176 124.2 446.7796)(344.0928 128.6903 508.8705)(407.8176 196.3223 446.7796)(344.0928 192.0124 508.8705)
(408.5528 124.1264 445.8869)(344.7979 128.6593 508.384)(408.5528 196.393 445.8869)(344.7979 192.042 508.384)
(409.2432 124.0567 445.0459)(345.4599 128.63 507.9224)(409.2432 196.4599 445.0459)(345.4599 192.0703 507.9224)
(409.8575 123.9943 444.2952)(346.0489 128.6035 507.5078)(409.8575 196.5198 444.2952)(346.0489 192.0956 507.5078)
(410.5342 123.925 443.4656)(346.6978 128.5741 507.047)(410.5342 196.5862 443.4656)(346.6978 192.1239 507.047)
(411.1857 123.858 442.6647)(347.3223 128.5454 506.5992)(411.1857 196.6506 442.6647)(347.3223 192.1514 506.5992)
(412.0159 123.7718 441.6405)(348.1182 128.5084 506.0229)(412.0159 196.7333 441.6405)(348.1182 192.1869 506.0229)
(412.8864 123.6807 440.5624)(348.9526 128.4691 505.4117)(412.8864 196.8208 440.5624)(348.9526 192.2246 505.4117)
(413.8265 123.5815 439.3937)(349.8535 128.4261 504.7438)(413.8265 196.916 439.3937)(349.8535 192.2659 504.7438)
(414.4907 123.5108 438.5649)(350.4901 128.3953 504.2669)(414.4907 196.9839 438.5649)(350.4901 192.2955 504.2669)
(415.2085 123.4338 437.6666)(351.178 128.3616 503.7469)(415.2085 197.0577 437.6666)(351.178 192.3278 503.7469)
(415.931 123.3558 436.7597)(351.8704 128.3274 503.2187)(415.931 197.1326 436.7597)(351.8704 192.3607 503.2187)
(416.9251 123.2475 435.5072)(352.823 128.2796 502.4842)(416.9251 197.2365 435.5072)(352.823 192.4065 502.4842)
(417.8775 123.1428 434.3026)(353.7355 128.2332 501.772)(417.8775 197.3371 434.3026)(353.7355 192.4511 501.772)
(418.7614 123.0448 433.1804)(354.5824 128.1895 501.1038)(418.7614 197.4312 433.1804)(354.5824 192.493 501.1038)
(419.7173 122.9377 431.9623)(355.4983 128.1416 500.3731)(419.7173 197.5339 431.9623)(355.4983 192.539 500.3731)
(420.5929 122.8388 430.8423)(356.3373 128.0971 499.6965)(420.5929 197.6289 430.8423)(356.3373 192.5817 499.6965)
(421.7961 122.7014 429.2974)(357.4901 128.035 498.7559)(421.7961 197.7607 429.2974)(357.4901 192.6413 498.7559)
(422.6068 122.608 428.2523)(358.267 127.9926 498.1147)(422.6068 197.8504 428.2523)(358.267 192.682 498.1147)
(424.0006 122.4456 426.4482)(359.6025 127.9185 496.999)(424.0006 198.0063 426.4482)(359.6025 192.7531 496.999)
(424.834 122.3474 425.365)(360.4012 127.8735 496.3236)(424.834 198.1005 425.365)(360.4012 192.7963 496.3236)
(425.6998 122.2446 424.2364)(361.2309 127.8262 495.6158)(425.6998 198.1992 424.2364)(361.2309 192.8418 495.6158)
(427.0266 122.0853 422.4998)(362.5025 127.7525 494.5182)(427.0266 198.3521 422.4998)(362.5025 192.9124 494.5182)
(428.3517 121.9241 420.7576)(363.7727 127.6777 493.407)(428.3517 198.5068 420.7576)(363.7727 192.9843 493.407)
(429.7043 121.7575 418.9712)(365.0695 127.5998 492.2573)(429.7043 198.6667 418.9712)(365.0695 193.059 492.2573)
(430.6292 121.6423 417.7448)(365.9564 127.5458 491.4621)(430.6292 198.7773 417.7448)(365.9564 193.1109 491.4621)
(433.012 121.3408 414.5686)(368.2419 127.4035 489.3804)(433.012 199.0667 414.5686)(368.2419 193.2475 489.3804)
(435.0815 121.0732 411.7907)(370.2277 127.2763 487.534)(435.0815 199.3235 411.7907)(370.2277 193.3696 487.534)
(436.1449 120.9337 410.3563)(371.2485 127.2095 486.5715)(436.1449 199.4575 410.3563)(371.2485 193.4336 486.5715)
(437.0816 120.8096 409.0892)(372.1479 127.15 485.716)(437.0816 199.5766 409.0892)(372.1479 193.4907 485.716)
(438.0714 120.6772 407.7464)(373.0985 127.0864 484.8042)(438.0714 199.7036 407.7464)(373.0985 193.5518 484.8042)
(438.8533 120.5718 406.6828)(373.8498 127.0355 484.0782)(438.8533 199.8049 406.6828)(373.8498 193.6007 484.0782)
(439.6423 120.4645 405.6072)(374.608 126.9837 483.3407)(439.6423 199.9078 405.6072)(374.608 193.6504 483.3407)
(440.3621 120.3661 404.624)(375.2998 126.936 482.6636)(440.3621 200.0023 404.624)(375.2998 193.6962 482.6636)
(441.0578 120.2702 403.6716)(375.9687 126.8894 482.0051)(441.0578 200.0943 403.6716)(375.9687 193.7409 482.0051)
(441.8051 120.1665 402.6467)(376.6873 126.839 481.2935)(441.8051 200.1938 402.6467)(376.6873 193.7893 481.2935)
(442.4348 120.0786 401.7814)(377.2931 126.7961 480.6905)(442.4348 200.2783 401.7814)(377.2931 193.8304 480.6905)
(443.0793 119.988 400.8943)(377.9132 126.7519 480.07)(443.0793 200.3652 400.8943)(377.9132 193.8729 480.07)
(443.6972 119.9007 400.0423)(378.5079 126.7092 479.4719)(443.6972 200.449 400.0423)(378.5079 193.9139 479.4719)
(444.3654 119.8057 399.1196)(379.151 126.6627 478.822)(444.3654 200.5402 399.1196)(379.151 193.9585 478.822)
(444.9583 119.7208 398.2993)(379.722 126.621 478.2422)(444.9583 200.6216 398.2993)(379.722 193.9985 478.2422)
(445.7802 119.6024 397.1602)(380.5137 126.5628 477.434)(445.7802 200.7353 397.1602)(380.5137 194.0544 477.434)
(446.6645 119.474 395.9319)(381.3658 126.4996 476.5585)(446.6645 200.8586 395.9319)(381.3658 194.1151 476.5585)
(447.4759 119.3552 394.8025)(382.148 126.4409 475.7499)(447.4759 200.9726 394.8025)(382.148 194.1714 475.7499)
(448.2505 119.2409 393.7222)(382.895 126.3844 474.9732)(448.2505 201.0823 393.7222)(382.895 194.2256 474.9732)
(449.3485 119.0775 392.1873)(383.9544 126.3034 473.8642)(449.3485 201.2391 392.1873)(383.9544 194.3034 473.8642)
(450.3991 118.9195 390.7149)(384.9687 126.2249 472.7945)(450.3991 201.3908 390.7149)(384.9687 194.3787 472.7945)
(451.2289 118.7936 389.5492)(385.7702 126.1622 471.9435)(451.2289 201.5116 389.5492)(385.7702 194.4389 471.9435)
(452.077 118.6639 388.3554)(386.5899 126.0975 471.0684)(452.077 201.6362 388.3554)(386.5899 194.501 471.0684)
(452.8356 118.5469 387.2858)(387.3233 126.039 470.281)(452.8356 201.7484 387.2858)(387.3233 194.5571 470.281)
(453.6435 118.4215 386.1445)(388.1049 125.9762 469.4376)(453.6435 201.8688 386.1445)(388.1049 194.6174 469.4376)
(454.7082 118.2546 384.6372)(389.1355 125.8926 468.3187)(454.7082 202.029 384.6372)(389.1355 194.6977 468.3187)
(457.5098 117.8073 380.6539)(391.8511 125.6673 465.3335)(457.5098 202.4583 380.6539)(391.8511 194.9139 465.3335)
(458.3203 117.6756 379.497)(392.6377 125.6008 464.459)(458.3203 202.5847 379.497)(392.6377 194.9778 464.459)
(459.6302 117.4606 377.6228)(393.9103 125.492 463.0351)(459.6302 202.7911 377.6228)(393.9103 195.0822 463.0351)
(460.6396 117.2931 376.1752)(394.8918 125.407 461.9293)(460.6396 202.9519 376.1752)(394.8918 195.1638 461.9293)
(461.9513 117.0728 374.2893)(396.1685 125.295 460.481)(461.9513 203.1633 374.2893)(396.1685 195.2713 460.481)
(463.272 116.8482 372.3853)(397.4555 125.1806 459.0099)(463.272 203.3789 372.3853)(397.4555 195.3811 459.0099)
(464.4187 116.6509 370.7282)(398.5743 125.0798 457.7223)(464.4187 203.5683 370.7282)(398.5743 195.4778 457.7223)
(465.5555 116.453 369.0815)(399.6846 124.9786 456.4362)(465.5555 203.7582 369.0815)(399.6846 195.575 456.4362)
(466.4572 116.2945 367.7726)(400.5663 124.8974 455.4093)(466.4572 203.9104 367.7726)(400.5663 195.653 455.4093)
(467.2073 116.1615 366.682)(401.3004 124.8292 454.5504)(467.2073 204.038 366.682)(401.3004 195.7184 454.5504)
(467.9983 116.0202 365.5303)(402.0751 124.7566 453.6404)(467.9983 204.1736 365.5303)(402.0751 195.7881 453.6404)
(468.7021 115.8936 364.5041)(402.7649 124.6915 452.8269)(468.7021 204.2952 364.5041)(402.7649 195.8506 452.8269)
(469.4055 115.7661 363.4769)(403.455 124.6259 452.0101)(469.4055 204.4175 363.4769)(403.455 195.9135 452.0101)
(469.9519 115.6665 362.6781)(403.9915 124.5746 451.3732)(469.9519 204.5132 362.6781)(403.9915 195.9628 451.3732)
(470.7372 115.5223 361.5285)(404.763 124.5002 450.4539)(470.7372 204.6515 361.5285)(404.763 196.0341 450.4539)
(471.4373 115.3929 360.5022)(405.4515 124.4334 449.6306)(471.4373 204.7758 360.5022)(405.4515 196.0983 449.6306)
(472.1657 115.2572 359.433)(406.1685 124.3633 448.7702)(472.1657 204.906 359.433)(406.1685 196.1656 448.7702)
(472.9168 115.1162 358.3287)(406.9086 124.2904 447.8788)(472.9168 205.0413 358.3287)(406.9086 196.2356 447.8788)
(473.7693 114.955 357.0738)(407.7493 124.2069 446.8624)(473.7693 205.1961 357.0738)(407.7493 196.3157 446.8624)
(474.5341 114.8091 355.9459)(408.5045 124.1312 445.9457)(474.5341 205.3362 355.9459)(408.5045 196.3883 445.9457)
(475.1619 114.6885 355.019)(409.1249 124.0687 445.1901)(475.1619 205.4519 355.019)(409.1249 196.4484 445.1901)
(475.6958 114.5853 354.2298)(409.6531 124.0151 444.5452)(475.6958 205.5509 354.2298)(409.6531 196.4998 444.5452)
(476.3233 114.4633 353.3013)(410.2742 123.9517 443.7847)(476.3233 205.668 353.3013)(410.2742 196.5607 443.7847)
(476.9454 114.3416 352.3797)(410.8906 123.8884 443.0278)(476.9454 205.7849 352.3797)(410.8906 196.6214 443.0278)
(477.5526 114.222 351.4789)(411.493 123.8262 442.2862)(477.5526 205.8996 351.4789)(411.493 196.6811 442.2862)
(478.2966 114.0745 350.3741)(412.2315 123.7493 441.3739)(478.2966 206.0412 350.3741)(412.2315 196.7549 441.3739)
(478.837 113.9667 349.5706)(412.7685 123.6931 440.7088)(478.837 206.1447 349.5706)(412.7685 196.8089 440.7088)
(479.481 113.8373 348.612)(413.4091 123.6257 439.9133)(479.481 206.2689 348.612)(413.4091 196.8736 439.9133)
(480.2989 113.6718 347.3927)(414.2237 123.5392 438.8984)(480.2989 206.4278 347.3927)(414.2237 196.9566 438.8984)
(481.0879 113.5108 346.2149)(415.0104 123.4551 437.9148)(481.0879 206.5823 346.2149)(415.0104 197.0373 437.9148)
(481.7875 113.3669 345.169)(415.709 123.3798 437.0387)(481.7875 206.7204 345.169)(415.709 197.1096 437.0387)
(482.4719 113.2251 344.1444)(416.3932 123.3056 436.1781)(482.4719 206.8566 344.1444)(416.3932 197.1808 436.1781)
(483.4706 113.0163 342.6469)(417.3932 123.1962 434.9159)(483.4706 207.057 342.6469)(417.3932 197.2858 434.9159)
(484.6555 112.7657 340.8666)(418.5818 123.0648 433.4088)(484.6555 207.2975 340.8666)(418.5818 197.412 433.4088)
(485.7448 112.5324 339.2263)(419.677 122.9422 432.0137)(485.7448 207.5214 339.2263)(419.677 197.5296 432.0137)
(486.6427 112.3381 337.8716)(420.5815 122.8401 430.857)(486.6427 207.7079 337.8716)(420.5815 197.6276 430.857)
(487.4242 112.1674 336.6905)(421.3701 122.7503 429.8452)(487.4242 207.8717 336.6905)(421.3701 197.7139 429.8452)
(488.5386 111.9215 335.0032)(422.4968 122.6207 428.3943)(488.5386 208.1078 335.0032)(422.4968 197.8382 428.3943)
(489.4776 111.7119 333.5786)(423.4483 122.5102 427.1643)(489.4776 208.309 333.5786)(423.4483 197.9443 427.1643)
(490.1142 111.5685 332.6111)(424.0945 122.4345 426.3263)(490.1142 208.4466 332.6111)(424.0945 198.0169 426.3263)
(490.9836 111.3711 331.288)(424.9784 122.3303 425.177)(490.9836 208.6361 331.288)(424.9784 198.1169 425.177)
(491.8437 111.1738 329.9767)(425.8547 122.2261 424.034)(491.8437 208.8254 329.9767)(425.8547 198.217 424.034)
(492.9116 110.9263 328.3452)(426.9452 122.0951 422.6066)(492.9116 209.0631 328.3452)(426.9452 198.3427 422.6066)
(493.8752 110.7003 326.8699)(427.9317 121.9754 421.3107)(493.8752 209.28 326.8699)(427.9317 198.4576 421.3107)
(494.5964 110.5295 325.7638)(428.6715 121.8849 420.3359)(494.5964 209.4439 325.7638)(428.6715 198.5444 420.3359)
(495.4814 110.3179 324.4039)(429.5814 121.7727 419.1338)(495.4814 209.647 324.4039)(429.5814 198.6521 419.1338)
(496.575 110.0535 322.7201)(430.7086 121.6324 417.6394)(496.575 209.9008 322.7201)(430.7086 198.7868 417.6394)
(497.3222 109.8708 321.567)(431.4808 121.5353 416.6125)(497.3222 210.0762 321.567)(431.4808 198.88 416.6125)
(498.3947 109.6057 319.9086)(432.592 121.3944 415.1303)(498.3947 210.3306 319.9086)(432.592 199.0152 415.1303)
(499.1901 109.407 318.6762)(433.4182 121.2887 414.0248)(499.1901 210.5213 318.6762)(433.4182 199.1167 414.0248)
(500.0423 109.1919 317.353)(434.3057 121.1741 412.8342)(500.0423 210.7278 317.353)(434.3057 199.2267 412.8342)
(501.0353 108.9384 315.8077)(435.3428 121.0391 411.4386)(501.0353 210.9711 315.8077)(435.3428 199.3563 411.4386)
(501.7465 108.7549 314.6987)(436.0876 120.9412 410.4338)(501.7465 211.1472 314.6987)(436.0876 199.4502 410.4338)
(502.5996 108.5326 313.3658)(436.9832 120.8227 409.2224)(502.5996 211.3606 313.3658)(436.9832 199.564 409.2224)
(503.6523 108.2551 311.7166)(438.0921 120.6744 407.7182)(503.6523 211.627 311.7166)(438.0921 199.7063 407.7182)
(504.4555 108.0408 310.4555)(438.9407 120.5599 406.5638)(504.4555 211.8326 310.4555)(438.9407 199.8162 406.5638)
(505.3433 107.8014 309.0582)(439.8817 120.4319 405.2805)(505.3433 212.0625 309.0582)(439.8817 199.9391 405.2805)
(506.2073 107.5657 307.6951)(440.8003 120.3057 404.0244)(506.2073 212.2887 307.6951)(440.8003 200.0602 404.0244)
(507.1736 107.2989 306.1664)(441.8314 120.1629 402.6106)(507.1736 212.5448 306.1664)(441.8314 200.1974 402.6106)
(507.9991 107.0683 304.8571)(442.7153 120.0392 401.3956)(507.9991 212.7661 304.8571)(442.7153 200.316 401.3956)
(509.072 106.7647 303.1508)(443.8682 119.8764 399.8064)(509.072 213.0575 303.1508)(443.8682 200.4723 399.8064)
(510.0846 106.4741 301.5349)(444.9612 119.7204 398.2952)(510.0846 213.3365 301.5349)(444.9612 200.6221 398.2952)
(510.809 106.2637 300.3758)(445.7461 119.6074 397.2076)(510.809 213.5384 300.3758)(445.7461 200.7305 397.2076)
(511.6644 106.0124 299.0035)(446.6761 119.4723 395.9159)(511.6644 213.7796 299.0035)(446.6761 200.8602 395.9159)
(512.4767 105.771 297.6966)(447.5625 119.3425 394.6818)(512.4767 214.0113 297.6966)(447.5625 200.9848 394.6818)
(513.2513 105.5382 296.4469)(448.411 119.2172 393.4981)(513.2513 214.2347 296.4469)(448.411 201.1051 393.4981)
(514.0886 105.2836 295.0922)(449.3317 119.08 392.2109)(514.0886 214.4791 295.0922)(449.3317 201.2367 392.2109)
(514.9391 105.0217 293.7116)(450.271 118.9389 390.8946)(514.9391 214.7305 293.7116)(450.271 201.3722 390.8946)
(515.6306 104.8064 292.586)(451.0375 118.8227 389.8183)(515.6306 214.9372 292.586)(451.0375 201.4837 389.8183)
(516.8179 104.4313 290.6462)(452.3602 118.6203 387.9565)(516.8179 215.2972 290.6462)(452.3602 201.6779 387.9565)
(517.7878 104.1198 289.0543)(453.4472 118.452 386.4221)(517.7878 215.5962 289.0543)(453.4472 201.8395 386.4221)
(518.6241 103.8474 287.6765)(454.3892 118.3048 385.0892)(518.6241 215.8577 287.6765)(454.3892 201.9808 385.0892)
(519.2828 103.6302 286.5876)(455.1345 118.1873 384.0327)(519.2828 216.0661 286.5876)(455.1345 202.0936 384.0327)
(519.8807 103.4311 285.5966)(455.8134 118.0796 383.0688)(519.8807 216.2572 285.5966)(455.8134 202.197 383.0688)
(520.7181 103.149 284.2037)(456.7687 117.9268 381.71)(520.7181 216.528 284.2037)(456.7687 202.3436 381.71)
(521.3276 102.9412 283.1865)(457.4671 117.8142 380.7147)(521.3276 216.7275 283.1865)(457.4671 202.4517 380.7147)
(522.2475 102.6235 281.6451)(458.5267 117.6419 379.2021)(522.2475 217.0325 281.6451)(458.5267 202.6171 379.2021)
(523.306 102.2516 279.8625)(459.754 117.4402 377.4456)(523.306 217.3894 279.8625)(459.754 202.8107 377.4456)
(524.032 101.9926 278.634)(460.601 117.2995 376.2306)(524.032 217.638 278.634)(460.601 202.9458 376.2306)
(524.947 101.6613 277.0783)(461.6751 117.1194 374.6869)(524.947 217.956 277.0783)(461.6751 203.1186 374.6869)
(525.8914 101.3135 275.464)(462.7915 116.9303 373.0787)(525.8914 218.2898 275.464)(462.7915 203.3001 373.0787)
(526.9438 100.9187 273.6537)(464.0456 116.7153 371.2679)(526.9438 218.6687 273.6537)(464.0456 203.5064 371.2679)
(527.6651 100.6435 272.406)(464.9113 116.5654 370.015)(527.6651 218.9329 272.406)(464.9113 203.6504 370.015)
(528.2382 100.4221 271.4103)(465.603 116.4447 369.0126)(528.2382 219.1454 271.4103)(465.603 203.7662 369.0126)
(528.8793 100.1714 270.2919)(466.3809 116.308 367.8836)(528.8793 219.386 270.2919)(466.3809 203.8975 367.8836)
(529.6614 99.86113 268.9201)(467.3362 116.1386 366.4946)(529.6614 219.6839 268.9201)(467.3362 204.06 366.4946)
(530.4382 99.54799 267.5498)(468.2919 115.9675 365.1024)(530.4382 219.9845 267.5498)(468.2919 204.2242 365.1024)
(531.3715 99.16497 265.8925)(469.4497 115.7581 363.4124)(531.3715 220.3521 265.8925)(469.4497 204.4252 363.4124)
(532.2292 98.80604 264.358)(470.5236 115.5617 361.8414)(532.2292 220.6966 264.358)(470.5236 204.6138 361.8414)
(532.9313 98.50708 263.0933)(471.4101 115.3979 360.5421)(532.9313 220.9836 263.0933)(471.4101 204.771 360.5421)
(533.5858 98.22403 261.907)(472.2428 115.2428 359.3196)(533.5858 221.2552 261.907)(472.2428 204.9199 359.3196)
(534.5566 97.79621 260.1342)(473.4894 115.0081 357.486)(534.5566 221.6659 260.1342)(473.4894 205.1452 357.486)
(536.1655 97.06456 257.1574)(475.5884 114.6061 354.3886)(536.1655 222.3681 257.1574)(475.5884 205.531 354.3886)
(536.8125 96.76186 255.9456)(476.445 114.4396 353.1212)(536.8125 222.6587 255.9456)(476.445 205.6908 353.1212)
(537.4888 96.43986 254.6691)(477.3486 114.2623 351.7817)(537.4888 222.9678 254.6691)(477.3486 205.861 351.7817)
(538.095 96.14623 253.516)(478.1661 114.1005 350.5681)(538.095 223.2496 253.516)(478.1661 206.0163 350.5681)
(538.6514 95.87229 252.4497)(478.9231 113.9494 349.4425)(538.6514 223.5125 252.4497)(478.9231 206.1613 349.4425)
(539.1939 95.60104 251.4026)(479.6674 113.7997 348.3343)(539.1939 223.7729 251.4026)(479.6674 206.305 348.3343)
(539.6511 95.36914 250.5143)(480.2996 113.6717 347.3917)(539.6511 223.9955 250.5143)(480.2996 206.4279 347.3917)
