(316.7763 129.5932 523.4999)(255.2238 129.5932 523.4999)(316.7763 191.1457 523.4999)(255.2238 191.1457 523.4999)
(316.7763 129.5932 523.4999)(255.2238 129.5932 523.4999)(316.7763 191.1457 523.4999)(255.2238 191.1457 523.4999)
(317.6769 129.5724 523.1543)(256.1241 129.6133 523.8358)(317.6769 191.1656 523.1543)(256.1241 191.1264 523.8358)
(318.5777 129.5511 522.799)(257.0242 129.6328 524.1619)(318.5777 191.1861 522.799)(257.0242 191.1076 524.1619)
(333.635 129.1034 515.4615)(271.9973 129.8695 528.1465)(333.635 191.6158 515.4615)(271.9973 190.8805 528.1465)
(335.6797 129.0293 514.2667)(274.0201 129.8888 528.4739)(335.6797 191.687 514.2667)(274.0201 190.862 528.4739)
(336.7392 128.9896 513.6293)(275.0675 129.8976 528.6235)(336.7392 191.725 513.6293)(275.0675 190.8535 528.6235)
(337.6911 128.9532 513.0462)(276.0078 129.9048 528.7462)(337.6911 191.7599 513.0462)(276.0078 190.8466 528.7462)
(338.3868 128.9262 512.6138)(276.6948 129.9097 528.8288)(338.3868 191.7859 512.6138)(276.6948 190.8419 528.8288)
(338.9723 128.9032 512.2458)(277.2726 129.9135 528.8939)(338.9723 191.808 512.2458)(277.2726 190.8383 528.8939)
(339.5918 128.8785 511.8524)(277.8839 129.9173 528.9581)(339.5918 191.8317 511.8524)(277.8839 190.8346 528.9581)
(340.2371 128.8525 511.4382)(278.5204 129.9209 529.02)(340.2371 191.8567 511.4382)(278.5204 190.8311 529.02)
(340.7875 128.83 511.0814)(279.0631 129.9238 529.0688)(340.7875 191.8782 511.0814)(279.0631 190.8284 529.0688)
(341.3581 128.8065 510.708)(279.6255 129.9265 529.1155)(341.3581 191.9008 510.708)(279.6255 190.8258 529.1155)
(341.971 128.781 510.3031)(280.2295 129.9292 529.1613)(341.971 191.9253 510.3031)(280.2295 190.8232 529.1613)
(342.6482 128.7524 509.8511)(280.8965 129.9319 529.2066)(342.6482 191.9527 509.8511)(280.8965 190.8206 529.2066)
(343.5643 128.7132 509.2318)(281.7984 129.9349 529.259)(343.5643 191.9904 509.2318)(281.7984 190.8177 529.259)
(344.1869 128.6862 508.8059)(282.4111 129.9367 529.2888)(344.1869 192.0163 508.8059)(282.4111 190.816 529.2888)
(344.8116 128.6587 508.3744)(283.0257 129.9382 529.314)(344.8116 192.0426 508.3744)(283.0257 190.8146 529.314)
(345.4716 128.6294 507.9142)(283.6747 129.9394 529.3355)(345.4716 192.0708 507.9142)(283.6747 190.8134 529.3355)
(346.265 128.5937 507.3548)(284.4547 129.9405 529.3544)(346.265 192.105 507.3548)(284.4547 190.8123 529.3544)
(346.8018 128.5693 506.9727)(284.9821 129.941 529.3628)(346.8018 192.1284 506.9727)(284.9821 190.8118 529.3628)
(347.396 128.542 506.5462)(285.5659 129.9413 529.3681)(347.396 192.1547 506.5462)(285.5659 190.8115 529.3681)
(348.0673 128.5108 506.06)(286.2251 129.9414 529.369)(348.0673 192.1846 506.06)(286.2251 190.8115 529.369)
(348.6783 128.4821 505.6135)(286.8248 129.9411 529.3651)(348.6783 192.2121 505.6135)(286.8248 190.8117 529.3651)
(349.2729 128.4539 505.1752)(287.4083 129.9407 529.3569)(349.2729 192.2392 505.1752)(287.4083 190.8122 529.3569)
(349.7654 128.4303 504.8095)(287.8914 129.9401 529.3469)(349.7654 192.2619 504.8095)(287.8914 190.8127 529.3469)
(350.3575 128.4017 504.3665)(288.4722 129.9391 529.3311)(350.3575 192.2893 504.3665)(288.4722 190.8136 529.3311)
(350.9953 128.3706 503.8854)(289.0975 129.9379 529.3093)(350.9953 192.3192 503.8854)(289.0975 190.8148 529.3093)
(351.6142 128.3401 503.4147)(289.704 129.9364 529.2836)(351.6142 192.3485 503.4147)(289.704 190.8163 529.2836)
(352.2941 128.3062 502.8931)(290.3701 129.9344 529.25)(352.2941 192.381 502.8931)(290.3701 190.8182 529.25)
(352.8797 128.2767 502.4401)(290.9437 129.9324 529.2166)(352.8797 192.4093 502.4401)(290.9437 190.8201 529.2166)
(353.4868 128.2459 501.9669)(291.5381 129.9302 529.1777)(353.4868 192.4389 501.9669)(291.5381 190.8223 529.1777)
(354.3781 128.2001 501.2656)(292.4104 129.9263 529.1127)(354.3781 192.4828 501.2656)(292.4104 190.8259 529.1127)
(355.0588 128.1646 500.7247)(293.0764 129.923 529.0566)(355.0588 192.5169 500.7247)(293.0764 190.8291 529.0566)
(355.783 128.1265 500.1443)(293.7845 129.9192 528.991)(355.783 192.5535 500.1443)(293.7845 190.8328 528.991)
(356.4593 128.0906 499.5976)(294.4456 129.9153 528.924)(356.4593 192.588 499.5976)(294.4456 190.8366 528.924)
(357.2816 128.0463 498.9269)(295.2492 129.91 528.8353)(357.2816 192.6304 498.9269)(295.2492 190.8416 528.8353)
(358.1466 127.9992 498.2144)(296.0941 129.904 528.7334)(358.1466 192.6757 498.2144)(296.0941 190.8473 528.7334)
(358.9014 127.9576 497.5869)(296.8309 129.8984 528.6373)(358.9014 192.7156 497.5869)(296.8309 190.8527 528.6373)
(359.5903 127.9192 497.0093)(297.5033 129.8929 528.5436)(359.5903 192.7525 497.0093)(297.5033 190.858 528.5436)
(360.4558 127.8704 496.2773)(298.3476 129.8855 528.4182)(360.4558 192.7993 496.2773)(298.3476 190.8651 528.4182)
(361.2922 127.8227 495.5632)(299.1633 129.8779 528.2886)(361.2922 192.8451 495.5632)(299.1633 190.8725 528.2886)
(361.9291 127.7859 495.015)(299.7842 129.8717 528.1844)(361.9291 192.8804 495.015)(299.7842 190.8783 528.1844)
(362.732 127.7391 494.3186)(300.5665 129.8636 528.0463)(362.732 192.9253 494.3186)(300.5665 190.8862 528.0463)
(364.0127 127.6634 493.1954)(301.8138 129.8497 527.8105)(364.0127 192.998 493.1954)(301.8138 190.8995 527.8105)
(364.8671 127.6121 492.4376)(302.6456 129.8398 527.6426)(364.8671 193.0473 492.4376)(302.6456 190.909 527.6426)
(365.5974 127.5678 491.7848)(303.3562 129.8309 527.4925)(365.5974 193.0898 491.7848)(303.3562 190.9175 527.4925)
(366.3555 127.5213 491.1019)(304.0937 129.8213 527.33)(366.3555 193.1344 491.1019)(304.0937 190.9267 527.33)
(367.0652 127.4773 490.458)(304.7837 129.812 527.1721)(367.0652 193.1766 490.458)(304.7837 190.9357 527.1721)
(367.8744 127.4267 489.7183)(305.5703 129.8009 526.9847)(367.8744 193.2252 489.7183)(305.5703 190.9464 526.9847)
(368.5926 127.3813 489.0568)(306.2682 129.7906 526.8123)(368.5926 193.2688 489.0568)(306.2682 190.9562 526.8123)
(369.2563 127.3389 488.4415)(306.9129 129.7809 526.6476)(369.2563 193.3094 488.4415)(306.9129 190.9655 526.6476)
(369.9615 127.2935 487.7835)(307.5976 129.7702 526.4672)(369.9615 193.353 487.7835)(307.5976 190.9758 526.4672)
(370.7688 127.241 487.0249)(308.3813 129.7575 526.2536)(370.7688 193.4034 487.0249)(308.3813 190.988 526.2536)
(371.6372 127.1839 486.2026)(309.2239 129.7434 526.0157)(371.6372 193.4582 486.2026)(309.2239 191.0015 526.0157)
(372.3961 127.1335 485.4786)(309.9602 129.7306 525.8007)(372.3961 193.5066 485.4786)(309.9602 191.0138 525.8007)
(373.1035 127.086 484.7995)(310.646 129.7183 525.5945)(373.1035 193.5522 484.7995)(310.646 191.0256 525.5945)
(373.9694 127.0274 483.9622)(311.4854 129.7029 525.3345)(373.9694 193.6085 483.9622)(311.4854 191.0404 525.3345)
(374.9722 126.9586 482.9847)(312.4571 129.6843 525.0228)(374.9722 193.6745 482.9847)(312.4571 191.0583 525.0228)
(375.9869 126.8882 481.9871)(313.4398 129.6648 524.696)(375.9869 193.7421 481.9871)(313.4398 191.077 524.696)
(376.7152 126.837 481.2658)(314.145 129.6503 524.4543)(376.7152 193.7912 481.2658)(314.145 191.0909 524.4543)
(377.8526 126.7563 480.1307)(315.2457 129.627 524.0651)(377.8526 193.8687 480.1307)(315.2457 191.1132 524.0651)
(378.7262 126.6935 479.2517)(316.0908 129.6086 523.7565)(378.7262 193.929 479.2517)(316.0908 191.1309 523.7565)
(379.5057 126.6368 478.4621)(316.8447 129.5916 523.474)(379.5057 193.9833 478.4621)(316.8447 191.1472 523.474)
(380.3576 126.5744 477.5937)(317.6682 129.5726 523.1577)(380.3576 194.0433 477.5937)(317.6682 191.1654 523.1577)
(381.13 126.5171 476.8013)(318.4148 129.555 522.864)(381.13 194.0982 476.8013)(318.4148 191.1824 522.864)
(381.9417 126.4565 475.9637)(319.1989 129.536 522.5483)(381.9417 194.1565 475.9637)(319.1989 191.2006 522.5483)
(382.6373 126.404 475.2416)(319.8708 129.5193 522.2721)(382.6373 194.2068 475.2416)(319.8708 191.2166 522.2721)
(383.3127 126.3526 474.5369)(320.5229 129.5029 521.9989)(383.3127 194.2562 474.5369)(320.5229 191.2324 521.9989)
(384.0384 126.297 473.7759)(321.2235 129.4848 521.6999)(384.0384 194.3096 473.7759)(321.2235 191.2497 521.6999)
(384.7936 126.2385 472.9796)(321.9524 129.4656 521.3826)(384.7936 194.3657 472.9796)(321.9524 191.2681 521.3826)
(385.5156 126.1822 472.2143)(322.649 129.4469 521.0736)(385.5156 194.4197 472.2143)(322.649 191.2861 521.0736)
(386.5695 126.0991 471.0902)(323.6655 129.419 520.6125)(386.5695 194.4995 471.0902)(323.6655 191.3129 520.6125)
(387.4535 126.0286 470.1409)(324.5178 129.395 520.2167)(387.4535 194.5671 470.1409)(324.5178 191.336 520.2167)
(388.2703 125.9629 469.2586)(325.3051 129.3723 519.8436)(388.2703 194.6302 469.2586)(325.3051 191.3577 519.8436)
(389.2296 125.8849 468.2161)(326.2295 129.345 519.3963)(389.2296 194.7051 468.2161)(326.2295 191.3839 519.3963)
(389.9596 125.8249 467.4184)(326.9328 129.3239 519.0494)(389.9596 194.7626 467.4184)(326.9328 191.4042 519.0494)
(390.8767 125.7489 466.4106)(327.8161 129.2968 518.6057)(390.8767 194.8356 466.4106)(327.8161 191.4302 518.6057)
(391.8261 125.6694 465.3612)(328.7301 129.2681 518.1372)(391.8261 194.9119 465.3612)(328.7301 191.4577 518.1372)
(392.7499 125.5913 464.3339)(329.6194 129.2396 517.6723)(392.7499 194.9869 464.3339)(329.6194 191.4851 517.6723)
(393.5451 125.5233 463.4448)(330.3846 129.2146 517.265)(393.5451 195.0521 463.4448)(330.3846 191.5091 517.265)
(394.2823 125.4598 462.6166)(331.0939 129.191 516.8815)(394.2823 195.1131 462.6166)(331.0939 191.5317 516.8815)
(395.1158 125.3874 461.676)(331.8955 129.1639 516.4414)(395.1158 195.1826 461.676)(331.8955 191.5577 516.4414)
(396.7468 125.2438 459.8213)(333.4638 129.1095 515.5594)(396.7468 195.3204 459.8213)(333.4638 191.61 515.5594)
(398.3156 125.1032 458.0207)(334.9716 129.0553 514.6857)(398.3156 195.4554 458.0207)(334.9716 191.662 514.6857)
(399.0671 125.035 457.1524)(335.6936 129.0288 514.2583)(399.0671 195.5208 457.1524)(335.6936 191.6875 514.2583)
(399.8126 124.9669 456.2874)(336.4098 129.002 513.8288)(399.8126 195.5863 456.2874)(336.4098 191.7131 513.8288)
(400.4669 124.9066 455.5253)(337.0383 128.9783 513.4471)(400.4669 195.6441 455.5253)(337.0383 191.7359 513.4471)
(401.2312 124.8356 454.6315)(337.7723 128.9501 512.996)(401.2312 195.7122 454.6315)(337.7723 191.763 512.996)
(401.8818 124.7748 453.8678)(338.397 128.9258 512.6074)(401.8818 195.7706 453.8678)(338.397 191.7863 512.6074)
(402.5061 124.716 453.1324)(338.9964 128.9022 512.2305)(402.5061 195.8271 453.1324)(338.9964 191.8089 512.2305)
(403.3311 124.6377 452.1571)(339.7882 128.8706 511.7267)(403.3311 195.9022 452.1571)(339.7882 191.8393 511.7267)
(404.2657 124.5482 451.0468)(340.6853 128.8342 511.1479)(404.2657 195.9881 451.0468)(340.6853 191.8742 511.1479)
(405.2487 124.4531 449.8734)(341.6286 128.7953 510.5298)(405.2487 196.0794 449.8734)(341.6286 191.9116 510.5298)
(406.2854 124.3518 448.6296)(342.6231 128.7535 509.8679)(406.2854 196.1766 448.6296)(342.6231 191.9517 509.8679)
(407.1862 124.2629 447.5436)(343.4872 128.7165 509.2842)(407.1862 196.262 447.5436)(343.4872 191.9872 509.2842)
(408.3292 124.1488 446.1587)(344.5835 128.6688 508.5324)(408.3292 196.3714 446.1587)(344.5835 192.033 508.5324)
(409.1643 124.0647 445.1421)(345.3843 128.6333 507.9753)(409.1643 196.4522 445.1421)(345.3843 192.067 507.9753)
(410.429 123.9358 443.5949)(346.5968 128.5787 507.119)(410.429 196.5759 443.5949)(346.5968 192.1195 507.119)
(412.1734 123.7554 441.4458)(348.2691 128.5014 505.9129)(412.1734 196.7491 441.4458)(348.2691 192.1937 505.9129)
(413.434 123.623 439.8822)(349.4774 128.4442 505.0237)(413.434 196.8761 439.8822)(349.4774 192.2486 505.0237)
(414.6264 123.4962 438.3953)(350.6201 128.389 504.1689)(414.6264 196.9978 438.3953)(350.6201 192.3016 504.1689)
(415.3922 123.414 437.4362)(351.3541 128.353 503.613)(415.3922 197.0767 437.4362)(351.3541 192.3361 503.613)
(416.2952 123.3163 436.3015)(352.2193 128.31 502.9507)(416.2952 197.1706 436.3015)(352.2193 192.3774 502.9507)
(416.9461 123.2452 435.4807)(352.8431 128.2786 502.4685)(416.9461 197.2387 435.4807)(352.8431 192.4075 502.4685)
(417.5954 123.1739 434.6599)(353.4652 128.247 501.9838)(417.5954 197.3072 434.6599)(353.4652 192.4378 501.9838)
(418.7059 123.0509 433.2509)(354.5293 128.1922 501.1459)(418.7059 197.4252 433.2509)(354.5293 192.4904 501.1459)
(419.5683 122.9545 432.1524)(355.3556 128.1491 500.4875)(419.5683 197.5179 432.1524)(355.3556 192.5318 500.4875)
(420.2517 122.8774 431.2793)(356.0103 128.1145 499.961)(420.2517 197.5918 431.2793)(356.0103 192.565 499.961)
(420.8767 122.8065 430.4786)(356.6092 128.0826 499.4758)(420.8767 197.6598 430.4786)(356.6092 192.5957 499.4758)
(422.0786 122.669 428.9336)(357.7608 128.0203 498.5331)(422.0786 197.7919 428.9336)(357.7608 192.6554 498.5331)
(423.3666 122.5197 427.2699)(358.995 127.9524 497.5086)(423.3666 197.9351 427.2699)(358.995 192.7206 497.5086)
(424.4682 122.3906 425.8409)(360.0506 127.8933 496.6208)(424.4682 198.0591 425.8409)(360.0506 192.7773 496.6208)
(425.2452 122.2987 424.8294)(360.7952 127.8511 495.9883)(425.2452 198.1473 424.8294)(360.7952 192.8178 495.9883)
(426.2475 122.179 423.5205)(361.7558 127.7959 495.1645)(426.2475 198.2621 423.5205)(361.7558 192.8708 495.1645)
(427.8668 121.9833 421.3961)(363.3079 127.7052 493.8154)(427.8668 198.45 421.3961)(363.3079 192.9578 493.8154)
(428.7558 121.8746 420.2247)(364.1601 127.6546 493.0651)(428.7558 198.5544 420.2247)(364.1601 193.0065 493.0651)
(429.5613 121.7752 419.1603)(364.9324 127.6081 492.3795)(429.5613 198.6497 419.1603)(364.9324 193.051 492.3795)
(430.7563 121.6264 417.5761)(366.0782 127.5383 491.3523)(430.7563 198.7926 417.5761)(366.0782 193.1181 491.3523)
(432.1734 121.4477 415.6892)(367.4374 127.4541 490.1184)(432.1734 198.9641 415.6892)(367.4374 193.1989 490.1184)
(433.0152 121.3404 414.5643)(368.245 127.4033 489.3775)(433.0152 199.0671 414.5643)(368.245 193.2477 489.3775)
(433.8149 121.2376 413.493)(369.0122 127.3545 488.6682)(433.8149 199.1658 413.493)(369.0122 193.2944 488.6682)
(435.0209 121.0811 411.8722)(370.1696 127.28 487.5885)(435.0209 199.3159 411.8722)(370.1696 193.366 487.5885)
(435.9829 120.955 410.5751)(371.093 127.2198 486.7187)(435.9829 199.437 410.5751)(371.093 193.4238 486.7187)
(437.3239 120.7773 408.7607)(372.3807 127.1345 485.4934)(437.3239 199.6076 408.7607)(372.3807 193.5056 485.4934)
(438.3237 120.6433 407.4034)(373.341 127.07 484.5704)(438.3237 199.7362 407.4034)(373.341 193.5676 484.5704)
(439.3525 120.504 406.0025)(374.3295 127.0028 483.6122)(439.3525 199.8699 406.0025)(374.3295 193.6321 483.6122)
(440.7066 120.3187 404.1526)(375.631 126.913 482.338)(440.7066 200.0478 404.1526)(375.631 193.7183 482.338)
(441.6152 120.1929 402.9073)(376.5047 126.8519 481.4748)(441.6152 200.1685 402.9073)(376.5047 193.7769 481.4748)
(442.3756 120.0869 401.8629)(377.2361 126.8002 480.7473)(442.3756 200.2703 401.8629)(377.2361 193.8266 480.7473)
(443.2008 119.9709 400.7268)(378.0302 126.7436 479.9525)(443.2008 200.3816 400.7268)(378.0302 193.8809 479.9525)
(443.924 119.8685 399.7292)(378.7262 126.6935 479.2517)(443.924 200.4799 399.7292)(378.7262 193.929 479.2517)
(444.6205 119.7692 398.7667)(379.3968 126.6448 478.5728)(444.6205 200.5752 398.7667)(379.3968 193.9757 478.5728)
(445.4139 119.6553 397.6682)(380.1608 126.5889 477.7948)(445.4139 200.6845 397.6682)(380.1608 194.0294 477.7948)
(446.235 119.5365 396.5287)(380.952 126.5304 476.9844)(446.235 200.7986 396.5287)(380.952 194.0855 476.9844)
(447.0112 119.4234 395.4497)(381.7 126.4746 476.2137)(447.0112 200.9072 395.4497)(381.7 194.1391 476.2137)
(447.8205 119.3045 394.3222)(382.4802 126.4159 475.405)(447.8205 201.0213 394.3222)(382.4802 194.1954 475.405)
(448.63 119.1846 393.1922)(383.2611 126.3565 474.5909)(448.63 201.1363 393.1922)(383.2611 194.2524 474.5909)
(449.2336 119.0947 392.3482)(383.8435 126.312 473.9807)(449.2336 201.2226 392.3482)(383.8435 194.2952 473.9807)
(449.8702 118.9992 391.4566)(384.458 126.2645 473.334)(449.8702 201.3142 391.4566)(384.458 194.3407 473.334)
(450.4431 118.9129 390.6531)(385.0111 126.2216 472.7495)(450.4431 201.3972 390.6531)(385.0111 194.3819 472.7495)
(451.0625 118.8189 389.7831)(385.6095 126.1748 472.1145)(451.0625 201.4873 389.7831)(385.6095 194.4268 472.1145)
(451.6082 118.7357 389.0155)(386.1368 126.1333 471.5527)(451.6082 201.5672 389.0155)(386.1368 194.4666 471.5527)
(452.2678 118.6345 388.0867)(386.7743 126.0828 470.8708)(452.2678 201.6643 388.0867)(386.7743 194.5151 470.8708)
(454.8722 118.2288 384.4048)(389.2943 125.8796 468.1456)(454.8722 202.0538 384.4048)(389.2943 194.7102 468.1456)
(457.04 117.8831 381.3236)(391.3953 125.7056 465.8382)(457.04 202.3855 381.3236)(391.3953 194.8772 465.8382)
(458.803 117.5967 378.8069)(393.1065 125.5609 463.9358)(458.803 202.6605 378.8069)(393.1065 195.0161 463.9358)
(459.727 117.4446 377.4842)(394.0043 125.4838 462.9294)(459.727 202.8065 377.4842)(394.0043 195.09 462.9294)
(460.6725 117.2876 376.1281)(394.9237 125.4042 461.8932)(460.6725 202.9572 376.1281)(394.9237 195.1665 461.8932)
(461.6403 117.1253 374.7369)(395.8657 125.3217 460.8255)(461.6403 203.1129 374.7369)(395.8657 195.2457 460.8255)
(462.5406 116.973 373.4404)(396.7426 125.2442 459.8261)(462.5406 203.2592 373.4404)(396.7426 195.3201 459.8261)
(463.2306 116.8553 372.4451)(397.4152 125.1842 459.0562)(463.2306 203.3721 372.4451)(397.4152 195.3777 459.0562)
(464.2534 116.6795 370.9672)(398.413 125.0944 457.9084)(464.2534 203.5409 370.9672)(398.413 195.4638 457.9084)
(464.9925 116.5513 369.8976)(399.1345 125.0289 457.0743)(464.9925 203.6639 369.8976)(399.1345 195.5267 457.0743)
(465.7202 116.4241 368.8425)(399.8457 124.9638 456.249)(465.7202 203.7859 368.8425)(399.8457 195.5892 456.249)
(466.4052 116.3036 367.8482)(400.5154 124.9021 455.4687)(466.4052 203.9016 367.8482)(400.5154 195.6484 455.4687)
(467.3239 116.1408 366.5124)(401.4145 124.8185 454.4167)(467.3239 204.058 366.5124)(401.4145 195.7286 454.4167)
(468.1528 115.9925 365.3052)(402.2264 124.7424 453.4622)(468.1528 204.2002 365.3052)(402.2264 195.8017 453.4622)
(469.0242 115.8353 364.0338)(403.0809 124.6615 452.4533)(469.0242 204.3511 364.0338)(403.0809 195.8793 452.4533)
(469.8332 115.6882 362.8517)(403.8749 124.5857 451.5117)(469.8332 204.4924 362.8517)(403.8749 195.9521 451.5117)
(472.8019 115.1379 358.4977)(406.7953 124.3016 448.0154)(472.8019 205.0206 358.4977)(406.7953 196.2249 448.0154)
(474.461 114.8231 356.0539)(408.4322 124.1385 446.0336)(474.461 205.3227 356.0539)(408.4322 196.3813 446.0336)
(477.25 114.2817 351.9279)(411.1926 123.8572 442.6561)(477.25 205.8423 351.9279)(411.1926 196.6513 442.6561)
(478.1485 114.104 350.5942)(412.0843 123.7647 441.5559)(478.1485 206.0129 350.5942)(412.0843 196.7401 441.5559)
(479.0246 113.9291 349.2914)(412.955 123.6735 440.4773)(479.0246 206.1808 349.2914)(412.955 196.8277 440.4773)
(479.8789 113.757 348.019)(413.8053 123.5837 439.4201)(479.8789 206.346 348.019)(413.8053 196.9139 439.4201)
(480.6274 113.6049 346.9025)(414.5511 123.5043 438.4893)(480.6274 206.492 346.9025)(414.5511 196.9901 438.4893)
(481.2601 113.4755 345.9576)(415.1823 123.4366 437.6994)(481.2601 206.6162 345.9576)(415.1823 197.0551 437.6994)
(481.8381 113.3564 345.0933)(415.7595 123.3744 436.9752)(481.8381 206.7305 345.0933)(415.7595 197.1148 436.9752)
(482.6606 113.1858 343.8617)(416.582 123.285 435.9401)(482.6606 206.8942 343.8617)(416.582 197.2005 435.9401)
(483.4158 113.0278 342.7291)(417.3383 123.2022 434.9853)(483.4158 207.0459 342.7291)(417.3383 197.28 434.9853)
(484.0462 112.895 341.7826)(417.9702 123.1326 434.1851)(484.0462 207.1734 341.7826)(417.9702 197.3469 434.1851)
(484.643 112.7683 340.8853)(418.5693 123.0661 433.4246)(484.643 207.295 340.8853)(418.5693 197.4107 433.4246)
(485.3123 112.6254 339.8779)(419.2419 122.9911 432.5686)(485.3123 207.4322 339.8779)(419.2419 197.4827 432.5686)
(485.9622 112.4856 338.8985)(419.8958 122.9176 431.7342)(485.9622 207.5664 338.8985)(419.8958 197.5532 431.7342)
(486.4505 112.3799 338.1618)(420.3877 122.862 431.1051)(486.4505 207.6678 338.1618)(420.3877 197.6066 431.1051)
(487.0794 112.2429 337.2119)(421.0219 122.79 430.2923)(487.0794 207.7993 337.2119)(421.0219 197.6757 430.2923)
(487.7144 112.1036 336.2514)(421.6632 122.7167 429.4683)(487.7144 207.933 336.2514)(421.6632 197.7461 429.4683)
(488.3153 111.971 335.3416)(422.2708 122.6468 428.6858)(488.3153 208.0603 335.3416)(422.2708 197.8131 428.6858)
(488.8894 111.8434 334.4713)(422.852 122.5796 427.9356)(488.8894 208.1828 334.4713)(422.852 197.8777 427.9356)
(489.4872 111.7097 333.564)(423.458 122.5091 427.1517)(489.4872 208.3111 333.564)(423.458 197.9454 427.1517)
(490.0251 111.5886 332.7466)(424.004 122.4452 426.4438)(490.0251 208.4273 332.7466)(424.004 198.0067 426.4438)
(490.7364 111.4274 331.6644)(424.7269 122.36 425.5044)(490.7364 208.582 331.6644)(424.7269 198.0884 425.5044)
(491.3568 111.2857 330.7193)(425.3584 122.2852 424.6818)(491.3568 208.718 330.7193)(425.3584 198.1602 424.6818)
(492.011 111.1352 329.7212)(426.0254 122.2057 423.8109)(492.011 208.8625 329.7212)(426.0254 198.2366 423.8109)
(492.5755 111.0045 328.8591)(426.6017 122.1365 423.0569)(492.5755 208.988 328.8591)(426.6017 198.303 423.0569)
(493.1148 110.8788 328.0343)(427.1531 122.07 422.334)(493.1148 209.1086 328.0343)(427.1531 198.3668 422.334)
(493.6646 110.7499 327.1926)(427.7159 122.0017 421.5946)(493.6646 209.2324 327.1926)(427.7159 198.4323 421.5946)
(494.3622 110.5851 326.123)(428.4312 121.9144 420.6528)(494.3622 209.3906 326.123)(428.4312 198.5162 420.6528)
(494.8952 110.4583 325.3049)(428.9785 121.8472 419.9308)(494.8952 209.5122 325.3049)(428.9785 198.5807 419.9308)
(495.4394 110.328 324.4685)(429.5381 121.7781 419.191)(495.4394 209.6373 324.4685)(429.5381 198.647 419.191)
(495.9323 110.2093 323.7101)(430.0458 121.7151 418.5188)(495.9323 209.7513 323.7101)(430.0458 198.7074 418.5188)
(496.5361 110.0629 322.78)(430.6685 121.6374 417.6927)(496.5361 209.8917 322.78)(430.6685 198.782 417.6927)
(497.2206 109.8957 321.7239)(431.3757 121.5486 416.7524)(497.2206 210.0522 321.7239)(431.3757 198.8673 416.7524)
(497.7389 109.7682 320.9233)(431.912 121.4808 416.0379)(497.7389 210.1746 320.9233)(431.912 198.9323 416.0379)
(498.3022 109.6287 320.0519)(432.4959 121.4067 415.2586)(498.3022 210.3085 320.0519)(432.4959 199.0035 415.2586)
(498.8882 109.4826 319.1443)(433.1043 121.329 414.4451)(498.8882 210.4487 319.1443)(433.1043 199.0781 414.4451)
(499.4712 109.3363 318.2401)(433.7106 121.251 413.6328)(499.4712 210.5892 318.2401)(433.7106 199.1528 413.6328)
(500.063 109.1866 317.3207)(434.3273 121.1713 412.805)(500.063 210.7329 317.3207)(434.3273 199.2294 412.805)
(500.5563 109.061 316.5535)(434.8422 121.1044 412.1128)(500.5563 210.8534 316.5535)(434.8422 199.2936 412.1128)
(501.1001 108.9217 315.7068)(435.4106 121.0302 411.3473)(501.1001 210.9871 315.7068)(435.4106 199.3649 411.3473)
(501.6559 108.7783 314.84)(435.9926 120.9537 410.562)(501.6559 211.1248 314.84)(435.9926 199.4382 410.562)
(502.1575 108.6481 314.0568)(436.5188 120.8843 409.8509)(502.1575 211.2497 314.0568)(436.5188 199.5049 409.8509)
(502.7561 108.4916 313.1206)(437.1479 120.8007 408.9992)(502.7561 211.4 313.1206)(437.1479 199.5851 408.9992)
(503.3022 108.3478 312.2656)(437.7228 120.724 408.2196)(503.3022 211.538 312.2656)(437.7228 199.6588 408.2196)
(503.9622 108.1727 311.2303)(438.4193 120.6304 407.2734)(503.9622 211.7061 311.2303)(438.4193 199.7486 407.2734)
(504.4582 108.0401 310.4511)(438.9437 120.5595 406.5597)(504.4582 211.8334 310.4511)(438.9437 199.8166 406.5597)
(504.9983 107.8947 309.6015)(439.5157 120.4818 405.78)(504.9983 211.9728 309.6015)(439.5157 199.8912 405.78)
(505.693 107.7063 308.5069)(440.2531 120.381 404.7729)(505.693 212.1537 308.5069)(440.2531 199.988 404.7729)
(506.2588 107.5515 307.6136)(440.8553 120.2982 403.9491)(506.2588 212.3023 307.6136)(440.8553 200.0675 403.9491)
(506.7391 107.4193 306.8544)(441.3673 120.2273 403.2475)(506.7391 212.4292 306.8544)(441.3673 200.1355 403.2475)
(507.3332 107.2545 305.9135)(442.002 120.1391 402.3763)(507.3332 212.5874 305.9135)(442.002 200.2202 402.3763)
(507.8977 107.0968 305.0182)(442.6064 120.0545 401.5453)(507.8977 212.7388 305.0182)(442.6064 200.3013 401.5453)
(508.5665 106.9083 303.9555)(443.3243 119.9534 400.5566)(508.5665 212.9197 303.9555)(443.3243 200.3984 400.5566)
(509.2517 106.7134 302.8645)(444.0618 119.8489 399.539)(509.2517 213.1067 302.8645)(444.0618 200.4987 399.539)
(509.8186 106.5508 301.96)(444.6736 119.7616 398.6933)(509.8186 213.2628 301.96)(444.6736 200.5825 398.6933)
(510.3668 106.3924 301.0838)(445.2667 119.6765 397.8722)(510.3668 213.4149 301.0838)(445.2667 200.6642 397.8722)
(511.2808 106.1255 299.6195)(446.2585 119.5331 396.4962)(511.2808 213.6711 299.6195)(446.2585 200.8018 396.4962)
(511.8441 105.9593 298.7147)(446.8718 119.4437 395.6435)(511.8441 213.8306 298.7147)(446.8718 200.8876 395.6435)
(512.4294 105.7852 297.7729)(447.5107 119.3501 394.754)(512.4294 213.9977 297.7729)(447.5107 200.9775 394.754)
(513.0275 105.6058 296.8083)(448.1655 119.2535 393.8408)(513.0275 214.1699 296.8083)(448.1655 201.0702 393.8408)
(513.6519 105.4168 295.7993)(448.851 119.1518 392.8832)(513.6519 214.3513 295.7993)(448.851 201.1678 392.8832)
(514.17 105.2587 294.9601)(449.4215 119.0666 392.0851)(514.17 214.5031 294.9601)(449.4215 201.2496 392.0851)
(514.7164 105.0906 294.0735)(450.0246 118.976 391.2401)(514.7164 214.6644 294.0735)(450.0246 201.3365 391.2401)
(515.4117 104.8748 292.9426)(450.7946 118.8596 390.1596)(515.4117 214.8716 292.9426)(450.7946 201.4482 390.1596)
(516.2546 104.6101 291.5675)(451.7317 118.7168 388.8418)(516.2546 215.1256 291.5675)(451.7317 201.5853 388.8418)
(516.9789 104.3799 290.3823)(452.5403 118.5926 387.7025)(516.9789 215.3465 290.3823)(452.5403 201.7046 387.7025)
(517.5585 104.1939 289.4312)(453.1897 118.4921 386.7858)(517.5585 215.5251 289.4312)(453.1897 201.8011 386.7858)
(518.1811 103.9921 288.407)(453.8896 118.383 385.7964)(518.1811 215.7188 288.407)(453.8896 201.9057 385.7964)
(519.005 103.7221 287.0472)(454.8198 118.237 384.479)(519.005 215.978 287.0472)(454.8198 202.0459 384.479)
(519.5848 103.5299 286.0873)(455.4771 118.133 383.5464)(519.5848 216.1624 286.0873)(455.4771 202.1457 383.5464)
(520.1894 103.3276 285.0837)(456.165 118.0235 382.569)(520.1894 216.3566 285.0837)(456.165 202.2508 382.569)
(520.8433 103.1065 283.995)(456.912 117.9038 381.5059)(520.8433 216.5688 283.995)(456.912 202.3657 381.5059)
(521.5398 102.8683 282.8315)(457.7111 117.7747 380.3669)(521.5398 216.7974 282.8315)(457.7111 202.4896 380.3669)
(522.034 102.6976 282.0035)(458.2802 117.6822 379.5543)(522.034 216.9613 282.0035)(458.2802 202.5784 379.5543)
(522.5905 102.5037 281.0687)(458.9233 117.577 378.6349)(522.5905 217.1474 281.0687)(458.9233 202.6794 378.6349)
(523.2565 102.2691 279.946)(459.6964 117.4497 377.528)(523.2565 217.3726 279.946)(459.6964 202.8016 377.528)
(523.9564 102.0197 278.7622)(460.5126 117.3142 376.3575)(523.9564 217.612 278.7622)(460.5126 202.9316 376.3575)
(524.6483 101.77 277.5871)(461.3236 117.1786 375.1923)(524.6483 217.8516 277.5871)(461.3236 203.0618 375.1923)
(525.2288 101.5581 276.5975)(462.0074 117.0633 374.2085)(525.2288 218.055 276.5975)(462.0074 203.1724 374.2085)
(525.8626 101.3242 275.5133)(462.7574 116.9361 373.1279)(525.8626 218.2795 275.5133)(462.7574 203.2945 373.1279)
(526.6651 101.024 274.1343)(463.7125 116.7727 371.7493)(526.6651 218.5677 274.1343)(463.7125 203.4514 371.7493)
(527.3043 100.7817 273.0309)(464.4776 116.6407 370.643)(527.3043 218.8003 273.0309)(464.4776 203.5781 370.643)
(527.9908 100.518 271.8407)(465.3039 116.497 369.4462)(527.9908 219.0534 271.8407)(465.3039 203.716 369.4462)
(528.7554 100.2201 270.5083)(466.2302 116.3345 368.1023)(528.7554 219.3393 270.5083)(466.2302 203.872 368.1023)
(529.4065 99.96279 269.368)(467.0241 116.1941 366.9486)(529.4065 219.5863 269.368)(467.0241 204.0068 366.9486)
(529.9602 99.74129 268.394)(467.7029 116.0731 365.9607)(529.9602 219.7989 268.394)(467.7029 204.1229 365.9607)
(530.5031 99.52159 267.4349)(468.372 115.9531 364.9855)(530.5031 220.0098 267.4349)(468.372 204.2381 364.9855)
(531.063 99.29242 266.4417)(469.0657 115.8278 363.9732)(531.063 220.2298 266.4417)(469.0657 204.3583 363.9732)
(531.6997 99.02838 265.3065)(469.8596 115.6834 362.8131)(531.6997 220.4832 265.3065)(469.8596 204.497 362.8131)
(532.465 98.70612 263.934)(470.8207 115.507 361.4062)(532.465 220.7925 263.934)(470.8207 204.6663 361.4062)
(533.0522 98.45509 262.8746)(471.5635 115.3694 360.317)(533.0522 221.0335 262.8746)(471.5635 204.7983 360.317)
(533.6949 98.17645 261.7087)(472.3821 115.2167 359.1149)(533.6949 221.3009 261.7087)(472.3821 204.9449 359.1149)
(534.243 97.93552 260.7089)(473.085 115.0845 358.0813)(534.243 221.5322 260.7089)(473.085 205.0718 358.0813)
(534.8322 97.67295 259.6279)(473.8458 114.9404 356.9608)(534.8322 221.7842 259.6279)(473.8458 205.2101 356.9608)
(535.3491 97.43948 258.6743)(474.5179 114.8122 355.9698)(535.3491 222.0083 258.6743)(474.5179 205.3332 355.9698)
(535.915 97.18045 257.6243)(475.2586 114.6698 354.876)(535.915 222.2569 257.6243)(475.2586 205.4698 354.876)
(536.9308 96.70594 255.723)(476.6024 114.4088 352.8879)(536.9308 222.7124 255.723)(476.6024 205.7204 352.8879)
(537.6842 96.34576 254.2984)(477.6113 114.2105 351.3919)(537.6842 223.0581 254.2984)(477.6113 205.9108 351.3919)
(538.4385 95.97766 252.8588)(478.6325 114.0075 349.8747)(538.4385 223.4114 252.8588)(478.6325 206.1055 349.8747)
(539.05 95.67343 251.6812)(479.4693 113.8397 348.6294)(539.05 223.7034 251.6812)(479.4693 206.2666 348.6294)
(539.812 95.28678 250.2003)(480.5232 113.6262 347.0581)(539.812 224.0746 250.2003)(480.5232 206.4716 347.0581)
(540.4323 94.96541 248.9827)(481.3912 113.4485 345.7616)(540.4323 224.383 248.9827)(481.3912 206.6421 345.7616)
(541.0188 94.6558 247.8208)(482.2207 113.2772 344.5206)(541.0188 224.6802 247.8208)(482.2207 206.8065 344.5206)
(541.6235 94.33043 246.6113)(483.0854 113.0971 343.2248)(541.6235 224.9925 246.6113)(483.0854 206.9794 343.2248)
(542.1445 94.04492 245.5597)(483.8383 112.9389 342.0948)(542.1445 225.2666 245.5597)(483.8383 207.1313 342.0948)
(542.7369 93.71416 244.3526)(484.7038 112.7554 340.7939)(542.7369 225.584 244.3526)(484.7038 207.3074 340.7939)
(543.2534 93.42006 243.2892)(485.4673 112.5921 339.6445)(543.2534 225.8663 243.2892)(485.4673 207.4641 339.6445)
(543.7811 93.11394 242.1921)(486.2561 112.422 338.4552)(543.7811 226.1601 242.1921)(486.2561 207.6274 338.4552)
(544.2426 92.8412 241.223)(486.9538 112.2703 337.4017)(544.2426 226.4219 241.223)(486.9538 207.7729 337.4017)
(545.2129 92.25156 239.1541)(488.446 111.942 335.1436)(545.2129 226.9879 239.1541)(488.446 208.0881 335.1436)
(546.8582 91.19538 235.5356)(491.0651 111.3524 331.1638)(546.8582 228.0017 235.5356)(491.0651 208.654 331.1638)
(547.6967 90.62588 233.6295)(492.4496 111.0337 329.0515)(547.6967 228.5483 233.6295)(492.4496 208.9599 329.0515)
(548.4735 90.07658 231.8201)(493.7668 110.7258 327.036)(548.4735 229.0755 231.8201)(493.7668 209.2555 327.036)
(549.0135 89.68115 230.5347)(494.7043 110.5038 325.5981)(549.0135 229.4551 230.5347)(494.7043 209.4686 325.5981)
(549.8438 89.0489 228.509)(496.1849 110.1482 323.3213)(549.8438 230.062 228.509)(496.1849 209.8099 323.3213)
(550.5036 88.52283 226.8504)(497.3998 109.8517 321.4473)(550.5036 230.5669 226.8504)(497.3998 210.0944 321.4473)
(551.0752 88.04806 225.374)(498.4832 109.5837 319.7717)(551.0752 231.0226 225.374)(498.4832 210.3517 319.7717)
(551.711 87.49646 223.6827)(499.7266 109.2718 317.8434)(551.711 231.5521 223.6827)(499.7266 210.6511 317.8434)
(552.1587 87.09141 222.4568)(500.6294 109.0423 316.4398)(552.1587 231.9408 222.4568)(500.6294 210.8713 316.4398)
(552.5355 86.73843 221.3995)(501.4091 108.8421 315.225)(552.5355 232.2796 221.3995)(501.4091 211.0635 315.225)
(552.8928 86.39275 220.3736)(502.1664 108.6458 314.0428)(552.8928 232.6114 220.3736)(502.1664 211.252 314.0428)
(553.2881 85.99639 219.2091)(503.0273 108.4203 312.6964)(553.2881 232.9919 219.2091)(503.0273 211.4684 312.6964)
(553.6346 85.63548 218.1593)(503.8041 108.2148 311.4785)(553.6346 233.3383 218.1593)(503.8041 211.6657 311.4785)
(554.0494 85.18492 216.8628)(504.7648 107.9577 309.9691)(554.0494 233.7708 216.8628)(504.7648 211.9124 309.9691)
(554.3423 84.85327 215.9183)(505.4654 107.7682 308.8657)(554.3423 234.0891 215.9183)(505.4654 212.0943 308.8657)
(554.7162 84.41111 214.6717)(506.3911 107.5152 307.4045)(554.7162 234.5135 214.6717)(506.3911 212.3372 307.4045)
(555.063 83.97965 213.4692)(507.2853 107.2679 305.9895)(555.063 234.9277 213.4692)(507.2853 212.5746 305.9895)
(555.327 83.63534 212.5191)(507.9925 107.0702 304.8678)(555.327 235.2581 212.5191)(507.9925 212.7643 304.8678)
(555.5862 83.28196 211.5528)(508.7123 106.867 303.7235)(555.5862 235.5973 211.5528)(508.7123 212.9594 303.7235)
(555.8609 82.88832 210.4867)(509.5073 106.6403 302.4568)(555.8609 235.9752 210.4867)(509.5073 213.177 302.4568)
(556.0746 82.56655 209.6232)(510.1517 106.4547 301.4278)(556.0746 236.284 209.6232)(510.1517 213.3551 301.4278)
(556.3909 82.06055 208.2796)(511.1553 106.1623 299.8207)(556.3909 236.7697 208.2796)(511.1553 213.6357 299.8207)
(556.685 81.55104 206.9438)(512.1542 105.8672 298.216)(556.685 237.2587 206.9438)(512.1542 213.9189 298.216)
(556.9146 81.12046 205.8283)(512.989 105.6174 296.8705)(556.9146 237.672 205.8283)(512.989 214.1588 296.8705)
(557.0851 80.77722 204.9477)(513.6486 105.4178 295.8047)(557.0851 238.0015 204.9477)(513.6486 214.3503 295.8047)
(557.2608 80.39759 203.9824)(514.3719 105.1967 294.6328)(557.2608 238.3659 203.9824)(514.3719 214.5625 294.6328)
(557.4717 79.898 202.7258)(515.3142 104.9052 293.1015)(557.4717 238.8454 202.7258)(515.3142 214.8424 293.1015)
(557.6302 79.48051 201.6876)(516.0933 104.661 291.8312)(557.6302 239.2461 201.6876)(516.0933 215.0767 291.8312)
(557.7773 79.04747 200.6219)(516.8933 104.4072 290.5226)(557.7773 239.6618 200.6219)(516.8933 215.3203 290.5226)
(557.8796 78.71101 199.8016)(517.5093 104.2097 289.5119)(557.8796 239.9847 199.8016)(517.5093 215.5099 289.5119)
(557.9849 78.3219 198.8613)(518.2158 103.9808 288.3497)(557.9849 240.3582 198.8613)(518.2158 215.7296 288.3497)
(558.0772 77.92872 197.92)(518.9232 103.7491 287.1826)(558.0772 240.7356 197.92)(518.9232 215.9521 287.1826)
(558.1512 77.55661 197.0374)(519.5866 103.5293 286.0844)(558.1512 241.0928 197.0374)(519.5866 216.163 286.0844)
(558.2136 77.17693 196.1449)(520.2576 103.3046 284.9704)(558.2136 241.4572 196.1449)(520.2576 216.3786 284.9704)
(558.2684 76.74503 195.1395)(521.0135 103.0485 283.711)(558.2684 241.8718 195.1395)(521.0135 216.6245 283.711)
(558.3221 76.00914 193.4498)(522.2841 102.6107 281.5838)(558.3221 242.5781 193.4498)(522.2841 217.0447 281.5838)
(558.328 75.35278 191.9673)(523.3986 102.2188 279.7061)(558.328 243.2081 191.9673)(523.3986 217.4209 279.7061)
(558.3082 74.88939 190.9343)(524.175 101.9412 278.3914)(558.3082 243.6529 190.9343)(524.175 217.6873 278.3914)
(558.2681 74.42125 189.9019)(524.9506 101.66 277.0721)(558.2681 244.1022 189.9019)(524.9506 217.9573 277.0721)
(558.2108 73.97249 188.9227)(525.686 101.3897 275.8158)(558.2108 244.533 188.9227)(525.686 218.2167 275.8158)
(558.1306 73.50203 187.9069)(526.4485 101.1055 274.5073)(558.1306 244.9845 187.9069)(526.4485 218.4895 274.5073)
(558.0106 72.95059 186.7301)(527.3311 100.7714 272.9846)(558.0106 245.5138 186.7301)(527.3311 218.8101 272.9846)
(557.8972 72.51979 185.8209)(528.0125 100.5096 271.8031)(557.8972 245.9273 185.8209)(528.0125 219.0614 271.8031)
(557.7681 72.09369 184.9303)(528.6792 100.25 270.6414)(557.7681 246.3363 184.9303)(528.6792 219.3106 270.6414)
(557.6239 71.6714 184.0561)(529.3331 99.99197 269.4969)(557.6239 246.7417 184.0561)(529.3331 219.5583 269.4969)
(557.4741 71.27734 183.2477)(529.9371 99.75056 268.4346)(557.4741 247.1199 183.2477)(529.9371 219.79 268.4346)
(557.3145 70.89394 182.468)(530.5191 99.51508 267.4066)(557.3145 247.4879 182.468)(530.5191 220.016 267.4066)
(557.1774 70.58796 181.8505)(530.9796 99.32673 266.5899)(557.1774 247.7816 181.8505)(530.9796 220.1968 266.5899)
(556.9902 70.19839 181.0703)(531.5607 99.08634 265.5548)(556.9902 248.1555 181.0703)(531.5607 220.4276 265.5548)
(556.7583 69.75235 180.1851)(532.219 98.81032 264.3762)(556.7583 248.5837 180.1851)(532.219 220.6925 264.3762)
(556.5316 69.34723 179.3887)(532.8105 98.55888 263.3116)(556.5316 248.9725 179.3887)(532.8105 220.9338 263.3116)
(556.3039 68.96571 178.6451)(533.3618 98.32143 262.314)(556.3039 249.3387 178.6451)(533.3618 221.1618 262.314)
(556.0892 68.62527 177.9867)(533.8491 98.10899 261.428)(556.0892 249.6655 177.9867)(533.8491 221.3656 261.428)
(555.8393 68.24924 177.2651)(534.3823 97.87375 260.4538)(555.8393 250.0264 177.2651)(534.3823 221.5915 260.4538)
(555.5854 67.88634 176.5742)(534.892 97.6461 259.5179)(555.5854 250.3747 176.5742)(534.892 221.81 259.5179)
(555.2427 67.42255 175.6991)(535.5361 97.35424 258.3278)(555.2427 250.8199 175.6991)(535.5361 222.0901 258.3278)
(554.86 66.93468 174.7878)(536.2052 97.04612 257.0833)(554.86 251.2882 174.7878)(536.2052 222.3858 257.0833)
(554.4199 66.40607 173.8111)(536.9201 96.71101 255.7431)(554.4199 251.7956 173.8111)(536.9201 222.7075 255.7431)
(554.0917 66.03155 173.1256)(537.4204 96.4727 254.7987)(554.0917 252.1551 173.1256)(537.4204 222.9362 254.7987)
(553.7208 65.62582 172.3891)(537.9565 96.21375 253.7802)(553.7208 252.5445 172.3891)(537.9565 223.1848 253.7802)
(553.3304 65.21645 171.6523)(538.4912 95.95161 252.7575)(553.3304 252.9374 171.6523)(538.4912 223.4364 252.7575)
(552.765 64.6516 170.646)(539.2189 95.58846 251.3542)(552.765 253.4796 170.646)(539.2189 223.785 251.3542)
(552.1921 64.10886 169.6901)(539.907 95.23788 250.0143)(552.1921 254.0005 169.6901)(539.907 224.1215 250.0143)
(551.6329 63.60378 168.8102)(540.5376 94.91019 248.7747)(551.6329 254.4853 168.8102)(540.5376 224.436 248.7747)
(550.998 63.05608 167.8662)(541.2108 94.55322 247.4382)(550.998 255.011 167.8662)(541.2108 224.7787 247.4382)
(550.3884 62.55314 167.0086)(541.8191 94.22386 246.2178)(550.3884 255.4938 167.0086)(541.8191 225.0948 246.2178)
(549.5069 61.86024 165.8413)(542.6419 93.76766 244.5471)(549.5069 256.1589 165.8413)(542.6419 225.5327 244.5471)
(548.8838 61.39219 165.0621)(543.1876 93.45786 243.4253)(548.8838 256.6081 165.0621)(543.1876 225.83 243.4253)
(547.7572 60.58553 163.7361)(544.1089 92.92067 241.5046)(547.7572 257.3824 163.7361)(544.1089 226.3457 241.5046)
(547.0497 60.10207 162.9515)(544.6494 92.59669 240.3607)(547.0497 257.8464 162.9515)(544.6494 226.6566 240.3607)
(546.2876 59.59905 162.1432)(545.2025 92.25796 239.1763)(546.2876 258.3293 162.1432)(545.2025 226.9818 239.1763)
(545.0652 58.82666 160.9174)(546.0331 91.73447 237.3687)(545.0652 259.0706 160.9174)(546.0331 227.4842 237.3687)
(543.7781 58.05371 159.7092)(546.8417 91.20637 235.5726)(543.7781 259.8126 159.7092)(546.8417 227.9911 235.5726)
(542.3948 57.26334 158.4924)(547.6448 90.66184 233.7489)(542.3948 260.5712 158.4924)(547.6448 228.5138 233.7489)
(541.408 56.72215 157.6698)(548.1808 90.28625 232.5074)(541.408 261.0906 157.6698)(548.1808 228.8743 232.5074)
(538.7099 55.3262 155.587)(549.5101 89.30669 229.3306)(538.7099 262.4305 155.587)(549.5101 229.8145 229.3306)
(536.182 54.11249 153.8203)(550.6028 88.44174 226.5968)(536.182 263.5955 153.8203)(550.6028 230.6447 226.5968)
(534.8149 53.48872 152.9279)(551.1411 87.99215 225.2014)(534.8149 264.1942 152.9279)(551.1411 231.0763 225.2014)
(533.5722 52.93935 152.1504)(551.6017 87.59321 223.9775)(533.5722 264.7216 152.1504)(551.6017 231.4592 223.9775)
(532.2191 52.35909 151.3378)(552.0745 87.16872 222.6898)(532.2191 265.2785 151.3378)(552.0745 231.8667 222.6898)
(531.1212 51.90087 150.7021)(552.4377 86.83117 221.6763)(531.1212 265.7184 150.7021)(552.4377 232.1906 221.6763)
(529.987 51.43884 150.0666)(552.7949 86.48866 220.6573)(529.987 266.1618 150.0666)(552.7949 232.5194 220.6573)
(528.9294 51.01769 149.4919)(553.1124 86.17453 219.7309)(528.9294 266.566 149.4919)(553.1124 232.8209 219.7309)
(527.8858 50.61086 148.941)(553.4115 85.86931 218.8383)(527.8858 266.9565 148.941)(553.4115 233.1139 218.8383)
(526.7419 50.17429 148.3543)(553.7243 85.53979 217.8827)(526.7419 267.3756 148.3543)(553.7243 233.4301 217.8827)
(525.7592 49.80677 147.864)(553.981 85.26075 217.0799)(525.7592 267.7283 147.864)(553.981 233.698 217.0799)
(524.7356 49.43098 147.3659)(554.2371 84.97385 216.2608)(524.7356 268.089 147.3659)(554.2371 233.9734 216.2608)
(523.7369 49.07116 146.8922)(554.476 84.69759 215.4777)(523.7369 268.4344 146.8922)(554.476 234.2385 215.4777)
(522.6387 48.68255 146.3839)(554.7274 84.39753 214.6337)(522.6387 268.8074 146.3839)(554.7274 234.5266 214.6337)
(521.6475 48.33807 145.9364)(554.9442 84.13001 213.8867)(521.6475 269.1381 145.9364)(554.9442 234.7833 213.8867)
(520.2477 47.86139 145.3215)(555.2347 83.75739 212.8549)(520.2477 269.5956 145.3215)(555.2347 235.141 212.8549)
(518.708 47.3496 144.6671)(555.5342 83.35409 211.7494)(518.708 270.0869 144.6671)(555.5342 235.5281 211.7494)
(517.2648 46.88099 144.073)(555.7971 82.98183 210.739)(517.2648 270.5366 144.073)(555.7971 235.8854 210.739)
(515.8594 46.43471 143.5118)(556.0369 82.62453 209.7783)(515.8594 270.965 143.5118)(556.0369 236.2283 209.7783)
(513.8207 45.80396 142.726)(556.3582 82.11478 208.4227)(513.8207 271.5704 142.726)(556.3582 236.7176 208.4227)
(511.819 45.20263 141.9848)(556.6447 81.62347 207.1326)(511.819 272.1476 141.9848)(556.6447 237.1892 207.1326)
(510.2021 44.72935 141.4069)(556.8561 81.23291 206.1185)(510.2021 272.6019 141.4069)(556.8561 237.5641 206.1185)
(508.5173 44.24712 140.8228)(557.0588 80.83144 205.0863)(508.5173 273.0647 140.8228)(557.0588 237.9494 205.0863)
(506.9822 43.81738 140.3064)(557.2281 80.47047 204.167)(506.9822 273.4772 140.3064)(557.2281 238.2959 204.167)
(505.3183 43.36118 139.7623)(557.3959 80.08396 203.1917)(505.3183 273.9151 139.7623)(557.3959 238.6669 203.1917)
(503.0792 42.76276 139.0549)(557.5969 79.57146 201.9129)(503.0792 274.4895 139.0549)(557.5969 239.1588 201.9129)
(496.9354 41.20383 137.2454)(558.0137 78.2056 198.5819)(496.9354 275.9858 137.2454)(558.0137 240.4698 198.5819)
(495.0896 40.75759 136.736)(558.103 77.80585 197.6277)(495.0896 276.4142 136.736)(558.103 240.8535 197.6277)
(492.041 40.04107 135.9261)(558.2167 77.15524 196.0942)(492.041 277.1019 135.9261)(558.2167 241.478 196.0942)
(489.6368 39.49331 135.3133)(558.2781 76.65023 194.9202)(489.6368 277.6277 135.3133)(558.2781 241.9628 194.9202)
(486.4408 38.78738 134.5317)(558.3229 75.98913 193.4043)(486.4408 278.3053 134.5317)(558.3229 242.5973 193.4043)
(483.1404 38.08382 133.7617)(558.3271 75.31799 191.8894)(483.1404 278.9806 133.7617)(558.3271 243.2415 191.8894)
(480.2082 37.47914 133.1068)(558.2969 74.73084 190.5834)(480.2082 279.5609 133.1068)(558.2969 243.8051 190.5834)
(477.2397 36.88564 132.4703)(558.2349 74.14467 189.2972)(477.2397 280.1306 132.4703)(558.2349 244.3677 189.2972)
(474.8414 36.41922 131.9744)(558.1627 73.6768 188.283)(474.8414 280.5783 131.9744)(558.1627 244.8168 188.283)
(472.817 36.03437 131.5679)(558.0867 73.28568 187.4434)(472.817 280.9477 131.5679)(558.0867 245.1922 187.4434)
(470.6535 35.6316 131.1453)(557.991 72.87134 186.5621)(470.6535 281.3343 131.1453)(557.991 245.5899 186.5621)
(468.7038 35.27605 130.7744)(557.8919 72.50107 185.7816)(468.7038 281.6756 130.7744)(557.8919 245.9453 185.7816)
(466.7314 34.92336 130.4086)(557.7797 72.12941 185.0047)(466.7314 282.0141 130.4086)(557.7797 246.302 185.0047)
(465.1832 34.65128 130.1277)(557.6833 71.83968 184.4035)(465.1832 282.2753 130.1277)(557.6833 246.5802 184.4035)
(462.9335 34.26327 129.7293)(557.5306 71.42166 183.5429)(462.9335 282.6477 129.7293)(557.5306 246.9814 183.5429)
(460.9033 33.92037 129.3793)(557.38 71.04741 182.7793)(460.9033 282.9768 129.3793)(557.38 247.3406 182.7793)
(458.7667 33.56669 129.0202)(557.2089 70.6564 181.9882)(458.7667 283.3163 129.0202)(557.2089 247.7159 181.9882)
(456.537 33.20536 128.6554)(557.0165 70.25149 181.1762)(456.537 283.6631 128.6554)(557.0165 248.1046 181.1762)
(453.975 32.79962 128.2482)(556.7786 69.78994 180.2594)(453.975 284.0526 128.2482)(556.7786 248.5476 180.2594)
(451.6469 32.43957 127.8891)(556.5469 69.3739 179.4409)(451.6469 284.3982 127.8891)(556.5469 248.9469 179.4409)
(449.7158 32.14695 127.5986)(556.3438 69.03112 178.7721)(449.7158 284.679 127.5986)(556.3438 249.2759 178.7721)
(448.059 31.9001 127.3546)(556.162 68.73863 178.2054)(448.059 284.916 127.3546)(556.162 249.5567 178.2054)
(446.0949 31.61254 127.0716)(555.937 68.39384 177.5419)(446.0949 285.192 127.0716)(555.937 249.8876 177.5419)
(444.1299 31.33017 126.7949)(555.702 68.05087 176.8868)(444.1299 285.463 126.7949)(555.702 250.2168 176.8868)
(442.1942 31.05711 126.5285)(555.4612 67.7149 176.2497)(442.1942 285.7251 126.5285)(555.4612 250.5393 176.2497)
(439.7998 30.72631 126.2071)(555.1503 67.30189 175.4728)(439.7998 286.0426 126.2071)(555.1503 250.9357 175.4728)
(438.0449 30.48858 125.9773)(554.9135 67.00086 174.9109)(438.0449 286.2708 125.9773)(554.9135 251.2247 174.9109)
(435.9359 30.20811 125.7071)(554.619 66.64101 174.2438)(435.9359 286.54 125.7071)(554.619 251.5701 174.2438)
(433.2298 29.85647 125.3701)(554.2254 66.1822 173.4007)(433.2298 286.8775 125.3701)(554.2254 252.0105 173.4007)
(430.5911 29.52227 125.0514)(553.8248 65.73787 172.5919)(430.5911 287.1983 125.0514)(553.8248 252.4369 172.5919)
(428.2276 29.23001 124.774)(553.4523 65.34233 171.8782)(428.2276 287.4789 124.774)(553.4523 252.8166 171.8782)
(425.8942 28.94798 124.5075)(553.0718 64.95406 171.1834)(425.8942 287.7496 124.5075)(553.0718 253.1893 171.1834)
(422.4516 28.54342 124.1273)(552.4874 64.38509 170.1753)(422.4516 288.1379 124.1273)(552.4874 253.7354 170.1753)
(418.3102 28.07439 123.6893)(551.7488 63.70648 168.9883)(418.3102 288.588 123.6893)(551.7488 254.3868 168.9883)
(414.4482 27.65406 123.2994)(551.0255 63.07919 167.9058)(414.4482 288.9915 123.2994)(551.0255 254.9889 167.9058)
(411.226 27.31553 122.9871)(550.3967 62.5597 167.0197)(411.226 289.3164 122.9871)(550.3967 255.4875 167.0197)
(408.3931 27.02699 122.7223)(549.8248 62.10581 166.2531)(408.3931 289.5934 122.7223)(549.8248 255.9232 166.2531)
(404.3085 26.62529 122.3554)(548.9698 61.45574 165.1674)(404.3085 289.979 122.3554)(548.9698 256.5471 165.1674)
(400.8259 26.29609 122.0564)(548.2121 60.90551 164.2595)(400.8259 290.295 122.0564)(548.2121 257.0753 164.2595)
(398.4434 26.07777 121.8589)(547.6787 60.53111 163.6474)(398.4434 290.5045 121.8589)(547.6787 257.4346 163.6474)
(395.1632 25.7861 121.596)(546.9245 60.01824 162.8162)(395.1632 290.7845 121.596)(546.9245 257.9269 162.8162)
(391.8872 25.50507 121.3438)(546.1483 59.50895 161.9992)(391.8872 291.0542 121.3438)(546.1483 258.4157 161.9992)
(387.7776 25.16676 121.0416)(545.1422 58.87409 160.9922)(387.7776 291.3789 121.0416)(545.1422 259.0251 160.9922)
(384.0299 24.87177 120.7793)(544.1933 58.29888 160.0905)(384.0299 291.6621 120.7793)(544.1933 259.5772 160.0905)
(381.201 24.65747 120.5895)(543.4575 57.86692 159.42)(381.201 291.8678 120.5895)(543.4575 259.9918 159.42)
(377.7013 24.40228 120.3642)(542.5234 57.33517 158.6022)(377.7013 292.1127 120.3642)(542.5234 260.5022 158.6022)
(373.3351 24.09893 120.0975)(541.3217 56.67569 157.5996)(373.3351 292.4039 120.0975)(541.3217 261.1352 157.5996)
(370.3249 23.89944 119.9227)(540.4695 56.22351 156.9195)(370.3249 292.5954 119.9227)(540.4695 261.5693 156.9195)
(365.968 23.62429 119.6825)(539.202 55.57241 155.9504)(365.968 292.8595 119.6825)(539.202 262.1942 155.9504)
(362.7097 23.4289 119.5125)(538.2277 55.08801 155.2371)(362.7097 293.047 119.5125)(538.2277 262.6591 155.2371)
(359.1923 23.22789 119.3382)(537.1502 54.56751 154.4779)(359.1923 293.24 119.3382)(537.1502 263.1588 154.4779)
(355.0605 23.00477 119.1452)(535.8505 53.95916 153.6)(355.0605 293.4541 119.1452)(535.8505 263.7427 153.6)
(352.0799 22.85241 119.0138)(534.89 53.5223 152.9756)(352.0799 293.6004 119.0138)(534.89 264.162 152.9756)
(348.4813 22.6779 118.8637)(533.7045 52.99701 152.2316)(348.4813 293.7679 118.8637)(533.7045 264.6662 152.2316)
(344.0054 22.47525 118.6898)(532.1904 52.34692 151.3208)(344.0054 293.9624 118.6898)(532.1904 265.2902 151.3208)
(340.5656 22.33024 118.5657)(530.9968 51.84968 150.6314)(340.5656 294.1016 118.5657)(530.9968 265.7675 150.6314)
(336.7381 22.17967 118.4371)(529.6378 51.29874 149.875)(336.7381 294.2461 118.4371)(529.6378 266.2963 149.875)
(332.9887 22.04318 118.3207)(528.2745 50.76138 149.1444)(332.9887 294.3771 118.3207)(528.2745 266.812 149.1444)
(328.7664 21.90244 118.201)(526.7012 50.15898 148.3338)(328.7664 294.5122 118.201)(526.7012 267.3903 148.3338)
(325.1361 21.79221 118.1074)(525.3159 49.64323 147.6468)(325.1361 294.618 118.1074)(525.3159 267.8853 147.6468)
(320.3873 21.66302 117.9979)(523.4579 48.97164 146.7617)(320.3873 294.742 117.9979)(523.4579 268.5299 146.7617)
(315.8728 21.55596 117.9073)(521.6425 48.33636 145.9341)(315.8728 294.8448 117.9073)(521.6425 269.1397 145.9341)
(312.6249 21.48837 117.8502)(520.3064 47.88119 145.3469)(312.6249 294.9096 117.8502)(520.3064 269.5766 145.3469)
(308.7701 21.41827 117.791)(518.6879 47.3429 144.6585)(308.7701 294.9769 117.791)(518.6879 270.0933 144.6585)
(305.0901 21.36166 117.7433)(517.109 46.83104 144.01)(305.0901 295.0313 117.7433)(517.109 270.5846 144.01)
(301.5639 21.3168 117.7054)(515.5648 46.34237 143.3962)(301.5639 295.0743 117.7054)(515.5648 271.0536 143.3962)
(297.7341 21.27841 117.6731)(513.8525 45.81359 142.7379)(297.7341 295.1111 117.6731)(513.8525 271.5612 142.7379)
(293.8239 21.25043 117.6495)(512.0657 45.27584 142.0747)(293.8239 295.138 117.6495)(512.0657 272.0773 142.0747)
(290.6316 21.23584 117.6373)(510.578 44.83835 141.5396)(290.6316 295.152 117.6373)(510.578 272.4973 141.5396)
(285.1218 21.22824 117.6308)(507.9475 44.08655 140.6294)(285.1218 295.1593 117.6308)(507.9475 273.2188 140.6294)
(280.5942 21.2387 117.6397)(505.7254 43.47193 139.894)(280.5942 295.1493 117.6397)(505.7254 273.8088 139.894)
(276.6723 21.25989 117.6575)(503.7556 42.94174 139.2657)(276.6723 295.1289 117.6575)(503.7556 274.3177 139.2657)
(273.5711 21.28459 117.6783)(502.168 42.52397 138.7747)(273.5711 295.1052 117.6783)(502.168 274.7187 138.7747)
(270.7484 21.31323 117.7024)(500.6995 42.14487 138.332)(270.7484 295.0777 117.7024)(500.6995 275.0826 138.332)
(266.78 21.36351 117.7448)(498.5963 41.61382 137.7167)(266.78 295.0294 117.7448)(498.5963 275.5923 137.7167)
(263.8821 21.40757 117.782)(497.0318 41.22739 137.2724)(263.8821 294.9872 117.782)(497.0318 275.9632 137.2724)
(259.4925 21.48604 117.8482)(494.6149 40.64423 136.6072)(259.4925 294.9119 117.8482)(494.6149 276.523 136.6072)
(254.4191 21.59467 117.94)(491.7491 39.97368 135.8504)(254.4191 294.8076 117.94)(491.7491 277.1666 135.8504)
(250.9258 21.68071 118.0129)(489.7296 39.51419 135.3365)(250.9258 294.725 118.0129)(489.7296 277.6076 135.3365)
(246.5074 21.80259 118.1162)(487.1205 38.93546 134.6949)(246.5074 294.608 118.1162)(487.1205 278.1631 134.6949)
(241.9294 21.94448 118.2367)(484.3508 38.33897 134.0399)(241.9294 294.4718 118.2367)(484.3508 278.7357 134.0399)
(236.8065 22.12218 118.388)(481.1692 37.67528 133.3185)(236.8065 294.3013 118.388)(481.1692 279.3727 133.3185)
(233.2829 22.2562 118.5024)(478.9293 37.22123 132.8295)(233.2829 294.1726 118.5024)(478.9293 279.8085 132.8295)
(230.4763 22.36975 118.5995)(477.1143 36.86098 132.444)(230.4763 294.0637 118.5995)(477.1143 280.1543 132.444)
(227.3293 22.5044 118.7148)(475.0461 36.45858 132.0161)(227.3293 293.9344 118.7148)(475.0461 280.5406 132.0161)
(223.4786 22.67986 118.8653)(472.4668 35.96855 131.4987)(223.4786 293.766 118.8653)(472.4668 281.0109 131.4987)
(219.6429 22.86626 119.0258)(469.8432 35.48295 130.9899)(219.6429 293.5871 119.0258)(469.8432 281.477 130.9899)
(215.0198 23.10672 119.2333)(466.607 34.90128 130.3857)(215.0198 293.3563 119.2333)(466.607 282.0353 130.3857)
(210.756 23.34392 119.4388)(463.5484 34.36843 129.8371)(210.756 293.1286 119.4388)(463.5484 282.5468 129.8371)
(207.255 23.54993 119.6178)(460.9826 33.93364 129.3928)(207.255 292.9308 119.6178)(460.9826 282.9641 129.3928)
(203.9826 23.75175 119.7937)(458.5389 33.52946 128.9825)(203.9826 292.7371 119.7937)(458.5389 283.3521 128.9825)
(199.1141 24.0687 120.071)(454.8199 32.93235 128.3811)(199.1141 292.4329 120.071)(454.8199 283.9252 128.3811)
(191.0032 24.6423 120.576)(448.3936 31.94959 127.4035)(191.0032 291.8824 120.576)(448.3936 284.8685 127.4035)
(187.7263 24.89056 120.796)(445.7122 31.55711 127.0172)(187.7263 291.6441 120.796)(445.7122 285.2452 127.0172)
(184.2909 25.16123 121.0367)(442.8465 31.14855 126.6175)(184.2909 291.3842 121.0367)(442.8465 285.6374 126.6175)
(181.203 25.41378 121.2621)(440.2219 30.78405 126.2631)(181.203 291.1418 121.2621)(440.2219 285.9872 126.2631)
(178.3605 25.65412 121.4775)(437.7639 30.45092 125.9409)(178.3605 290.9112 121.4775)(437.7639 286.3069 125.9409)
(175.5822 25.89638 121.6953)(435.3217 30.12752 125.6297)(175.5822 290.6786 121.6953)(435.3217 286.6174 125.6297)
(173.2354 26.10685 121.8852)(433.2275 29.85623 125.3698)(173.2354 290.4766 121.8852)(433.2275 286.8778 125.3698)
