(410.2024 123.9591 443.8728)(346.3795 128.5886 507.2735)(410.2024 196.5536 443.8728)(346.3796 192.11 507.2735)
(410.2024 123.9591 443.8728)(346.3795 128.5886 507.2735)(410.2024 196.5536 443.8728)(346.3796 192.11 507.2735)
(411.1538 123.8613 442.7039)(347.2917 128.5468 506.6213)(411.1538 196.6475 442.7039)(347.2918 192.15 506.6213)
(412.1059 123.7624 441.5292)(348.2044 128.5044 505.9601)(412.106 196.7423 441.5292)(348.2044 192.1907 505.9601)
(428.0544 121.9605 421.1492)(363.4878 127.6946 493.6576)(428.0544 198.4719 421.1492)(363.4878 192.9681 493.6576)
(430.2231 121.693 418.2837)(365.567 127.5696 491.8121)(430.2231 198.7286 418.2837)(365.567 193.088 491.8121)
(431.347 121.5522 416.7906)(366.6447 127.5034 490.84)(431.347 198.8638 416.7906)(366.6447 193.1516 490.84)
(432.3566 121.4244 415.4446)(367.6131 127.4431 489.9577)(432.3566 198.9865 415.4446)(367.6132 193.2095 489.9576)
(433.0947 121.3302 414.458)(368.3211 127.3985 489.3073)(433.0947 199.0769 414.458)(368.3211 193.2523 489.3073)
(433.7156 121.2504 413.6261)(368.9169 127.3606 488.7566)(433.7156 199.1535 413.6261)(368.9169 193.2886 488.7566)
(434.3727 121.1655 412.7441)(369.5474 127.3202 488.1703)(434.3727 199.235 412.7441)(369.5474 193.3274 488.1703)
(435.0571 121.0764 411.8235)(370.2043 127.2778 487.5559)(435.0571 199.3205 411.8235)(370.2043 193.3681 487.5559)
(435.6409 121 411.0367)(370.7647 127.2413 487.0288)(435.6409 199.3938 411.0367)(370.7647 193.4032 487.0288)
(436.246 120.9203 410.2197)(371.3456 127.2032 486.4794)(436.246 199.4703 410.2197)(371.3456 193.4398 486.4794)
(436.8959 120.8343 409.3405)(371.9696 127.1619 485.886)(436.896 199.5529 409.3405)(371.9697 193.4794 485.886)
(437.614 120.7385 408.3672)(372.6593 127.1159 485.2264)(437.614 199.6448 408.3672)(372.6593 193.5235 485.2264)
(438.5853 120.608 407.0475)(373.5923 127.053 484.3275)(438.5854 199.7701 407.0475)(373.5923 193.5839 484.3275)
(439.2453 120.5186 406.1486)(374.2265 127.0098 483.7124)(439.2454 199.8559 406.1486)(374.2265 193.6253 483.7124)
(439.9076 120.4283 405.2451)(374.8629 126.9661 483.0916)(439.9076 199.9425 405.2451)(374.8629 193.6672 483.0916)
(440.607 120.3324 404.2888)(375.5353 126.9196 482.4322)(440.607 200.0346 404.2888)(375.5353 193.7119 482.4322)
(441.4479 120.2162 403.1368)(376.3438 126.8632 481.6342)(441.4479 200.1462 403.1368)(376.3438 193.7661 481.6342)
(442.0166 120.137 402.3563)(376.8907 126.8246 481.0913)(442.0166 200.2221 402.3563)(376.8907 193.8031 481.0913)
(442.6461 120.049 401.4907)(377.4964 126.7817 480.4873)(442.6461 200.3067 401.4907)(377.4964 193.8443 480.4873)
(443.3572 119.9488 400.5113)(378.1806 126.7328 479.8014)(443.3572 200.4028 400.5113)(378.1806 193.8913 479.8014)
(444.0042 119.8571 399.6185)(378.8034 126.6879 479.1737)(444.0042 200.4908 399.6185)(378.8034 193.9343 479.1737)
(444.6338 119.7673 398.7484)(379.4095 126.6439 478.5598)(444.6338 200.577 398.7484)(379.4095 193.9766 478.5598)
(445.1552 119.6925 398.0266)(379.9116 126.6071 478.049)(445.1552 200.6488 398.0266)(379.9116 194.0118 478.049)
(445.782 119.6022 397.1577)(380.5154 126.5627 477.4323)(445.782 200.7355 397.1577)(380.5154 194.0545 477.4322)
(446.4569 119.5042 396.2204)(381.1658 126.5145 476.7645)(446.4569 200.8295 396.2204)(381.1658 194.1008 476.7645)
(447.1117 119.4086 395.3098)(381.7968 126.4673 476.1135)(447.1117 200.9213 395.3098)(381.7968 194.146 476.1135)
(447.8308 119.303 394.3078)(382.4903 126.4151 475.3946)(447.8308 201.0227 394.3077)(382.4903 194.1962 475.3946)
(448.4501 119.2114 393.4435)(383.0876 126.3698 474.7722)(448.4501 201.1107 393.4435)(383.0876 194.2397 474.7722)
(449.0919 119.1159 392.5464)(383.7067 126.3224 474.1242)(449.0919 201.2023 392.5464)(383.7068 194.2851 474.1242)
(450.0338 118.9746 391.2272)(384.616 126.2523 473.1673)(450.0339 201.3379 391.2272)(384.616 194.3524 473.1673)
(450.7531 118.8659 390.2179)(385.3105 126.1982 472.4321)(450.7531 201.4422 390.2179)(385.3105 194.4043 472.4321)
(451.5178 118.7495 389.1429)(386.0493 126.1402 471.6461)(451.5178 201.5539 389.1429)(386.0493 194.46 471.6461)
(452.2318 118.6401 388.1374)(386.7395 126.0856 470.9081)(452.2318 201.659 388.1374)(386.7395 194.5124 470.9081)
(453.0995 118.5061 386.9132)(387.5786 126.0186 470.006)(453.0995 201.7876 386.9132)(387.5786 194.5767 470.006)
(454.0119 118.3639 385.6234)(388.4613 125.9474 469.0515)(454.0119 201.924 385.6234)(388.4614 194.6451 469.0515)
(454.8075 118.239 384.4964)(389.2317 125.8847 468.2138)(454.8076 202.044 384.4964)(389.2317 194.7053 468.2138)
(455.5335 118.1241 383.4664)(389.9348 125.827 467.4454)(455.5335 202.1543 383.4664)(389.9348 194.7607 467.4454)
(456.445 117.9787 382.1707)(390.8183 125.7538 466.475)(456.445 202.2938 382.1707)(390.8183 194.8309 466.475)
(457.3254 117.8371 380.9168)(391.6722 125.6824 465.5318)(457.3254 202.4297 380.9168)(391.6722 194.8994 465.5318)
(457.9955 117.7285 379.9608)(392.3224 125.6275 464.81)(457.9955 202.534 379.9608)(392.3224 194.9521 464.81)
(458.8397 117.5907 378.7545)(393.1422 125.5578 463.8959)(458.8397 202.6662 378.7545)(393.1422 195.019 463.8959)
(460.1852 117.3687 376.8273)(394.4498 125.4454 462.428)(460.1852 202.8793 376.8273)(394.4498 195.127 462.428)
(461.0822 117.2191 375.5395)(395.3224 125.3694 461.442)(461.0822 203.0229 375.5395)(395.3224 195.1999 461.442)
(461.8482 117.0902 374.4378)(396.0681 125.3039 460.5953)(461.8482 203.1466 374.4378)(396.0681 195.2628 460.5953)
(462.6429 116.9556 373.2929)(396.8423 125.2353 459.7122)(462.643 203.2758 373.2929)(396.8423 195.3286 459.7122)
(463.3864 116.8287 372.2203)(397.567 125.1706 458.8819)(463.3864 203.3977 372.2203)(397.567 195.3907 458.8819)
(464.2335 116.6829 370.9961)(398.3935 125.0962 457.9309)(464.2335 203.5376 370.9961)(398.3935 195.4621 457.9309)
(464.9848 116.5526 369.9086)(399.1271 125.0296 457.0829)(464.9848 203.6626 369.9086)(399.1271 195.526 457.0829)
(465.6786 116.4314 368.9029)(399.805 124.9676 456.2963)(465.6786 203.7789 368.9029)(399.805 195.5856 456.2963)
(466.4153 116.3019 367.8335)(400.5253 124.9012 455.4572)(466.4153 203.9033 367.8335)(400.5253 195.6493 455.4571)
(467.2579 116.1525 366.6085)(401.3499 124.8246 454.4924)(467.2579 204.0467 366.6085)(401.3499 195.7229 454.4924)
(468.1635 115.9906 365.2896)(402.2369 124.7414 453.4499)(468.1635 204.2021 365.2896)(402.2369 195.8027 453.4499)
(468.9542 115.848 364.1361)(403.0122 124.668 452.5346)(468.9542 204.3389 364.1361)(403.0122 195.8731 452.5346)
(469.6904 115.7142 363.0605)(403.7347 124.5992 451.6783)(469.6904 204.4673 363.0605)(403.7347 195.9392 451.6783)
(470.5909 115.5493 361.7428)(404.6192 124.5141 450.6255)(470.5909 204.6257 361.7428)(404.6193 196.0208 450.6255)
(471.6325 115.3566 360.2158)(405.6436 124.4146 449.4004)(471.6325 204.8106 360.2158)(405.6436 196.1163 449.4004)
(472.6851 115.1598 358.6695)(406.6802 124.3129 448.1543)(472.6852 204.9995 358.6695)(406.6802 196.2139 448.1543)
(473.4396 115.0175 357.5592)(407.4241 124.2392 447.256)(473.4396 205.1361 357.5592)(407.4241 196.2847 447.256)
(474.6165 114.7933 355.8242)(408.5859 124.123 445.8466)(474.6165 205.3513 355.8242)(408.586 196.3962 445.8466)
(475.5192 114.6195 354.491)(409.4782 124.0329 444.7589)(475.5192 205.5181 354.491)(409.4783 196.4828 444.7589)
(476.3237 114.4632 353.3007)(410.2746 123.9517 443.7842)(476.3237 205.6681 353.3007)(410.2746 196.5607 443.7842)
(477.2016 114.2912 351.9996)(411.1447 123.8622 442.7151)(477.2017 205.8332 351.9996)(411.1447 196.6466 442.7151)
(477.9967 114.1341 350.8196)(411.9336 123.7804 441.7421)(477.9968 205.984 350.8196)(411.9337 196.7251 441.7421)
(478.831 113.9679 349.5795)(412.7626 123.6937 440.7161)(478.831 206.1436 349.5795)(412.7626 196.8083 440.7161)
(479.5453 113.8244 348.5162)(413.4731 123.6189 439.8336)(479.5453 206.2813 348.5162)(413.4731 196.8801 439.8336)
(480.2379 113.6842 347.4838)(414.1628 123.5457 438.9743)(480.2379 206.4159 347.4838)(414.1628 196.9503 438.9743)
(480.981 113.5327 346.3744)(414.9039 123.4665 438.0481)(480.9811 206.5613 346.3744)(414.9039 197.0263 438.0481)
(481.7536 113.3739 345.2196)(415.6751 123.3835 437.0811)(481.7536 206.7137 345.2196)(415.6752 197.106 437.0811)
(482.491 113.2211 344.1157)(416.4124 123.3035 436.1539)(482.4911 206.8604 344.1157)(416.4124 197.1828 436.1539)
(483.5656 112.9963 342.5042)(417.4884 123.1857 434.7953)(483.5657 207.0761 342.5042)(417.4884 197.2959 434.7953)
(484.4654 112.8061 341.1525)(418.3909 123.086 433.6512)(484.4654 207.2587 341.1525)(418.3909 197.3916 433.6512)
(485.2953 112.629 339.9036)(419.2247 122.993 432.5905)(485.2953 207.4287 339.9036)(419.2247 197.4809 432.5905)
(486.2681 112.4194 338.437)(420.2039 122.8828 431.3403)(486.2681 207.6299 338.437)(420.2039 197.5866 431.3403)
(487.0071 112.2587 337.321)(420.949 122.7983 430.3858)(487.0071 207.7841 337.321)(420.949 197.6677 430.3858)
(487.9339 112.0553 335.9193)(421.885 122.6912 429.1828)(487.9339 207.9794 335.9193)(421.885 197.7705 429.1828)
(488.8911 111.843 334.4687)(422.8538 122.5794 427.9333)(488.8911 208.1831 334.4687)(422.8538 197.8779 427.9333)
(489.8206 111.6347 333.0574)(423.7964 122.4695 426.7131)(489.8207 208.383 333.0574)(423.7964 197.9833 426.7131)
(490.6192 111.4541 331.8429)(424.6077 122.3741 425.6595)(490.6192 208.5565 331.8429)(424.6077 198.0749 425.6595)
(491.358 111.2854 330.7174)(425.3596 122.2851 424.6802)(491.358 208.7183 330.7174)(425.3596 198.1604 424.6801)
(492.1916 111.0935 329.4455)(426.2097 122.1836 423.57)(492.1916 208.9025 329.4455)(426.2097 198.2578 423.57)
(493.8179 110.7138 326.9578)(427.8729 121.9826 421.3881)(493.8178 209.267 326.9578)(427.8729 198.4507 421.3881)
(495.3752 110.3434 324.5673)(429.472 121.7863 419.2785)(495.3752 209.6225 324.5673)(429.472 198.6391 419.2785)
(496.1187 110.1642 323.423)(430.2379 121.6912 418.2641)(496.1188 209.7945 323.423)(430.2379 198.7304 418.2641)
(496.8548 109.9852 322.2885)(430.9975 121.5962 417.2554)(496.8548 209.9663 322.2885)(430.9976 198.8216 417.2554)
(497.4995 109.8272 321.2932)(431.6642 121.5122 416.3682)(497.4995 210.118 321.2932)(431.6642 198.9022 416.3682)
(498.2509 109.6415 320.1312)(432.4427 121.4134 415.3296)(498.251 210.2963 320.1312)(432.4427 198.997 415.3296)
(498.8892 109.4824 319.1426)(433.1054 121.3288 414.4436)(498.8893 210.449 319.1426)(433.1054 199.0782 414.4436)
(499.5005 109.3289 318.1945)(433.7412 121.2471 413.5918)(499.5005 210.5963 318.1945)(433.7412 199.1566 413.5918)
(500.3062 109.1248 316.9426)(434.5811 121.1384 412.464)(500.3063 210.7922 316.9425)(434.5811 199.261 412.464)
(501.2165 108.8917 315.5252)(435.5324 121.0142 411.1829)(501.2166 211.0159 315.5252)(435.5325 199.3802 411.1829)
(502.1708 108.6446 314.0359)(436.5328 120.8824 409.8319)(502.1709 211.2531 314.0359)(436.5328 199.5067 409.8319)
(503.1737 108.3817 312.4669)(437.5875 120.7421 408.4033)(503.1737 211.5054 312.4669)(437.5875 199.6414 408.4033)
(504.0421 108.1514 311.1049)(438.5036 120.619 407.1587)(504.0421 211.7265 311.1049)(438.5036 199.7595 407.1587)
(505.1398 107.8565 309.3787)(439.6657 120.4614 405.5752)(505.1398 212.0096 309.3787)(439.6658 199.9108 405.5752)
(505.9388 107.6392 308.119)(440.5146 120.3451 404.4154)(505.9388 212.2181 308.119)(440.5146 200.0224 404.4154)
(507.1438 107.3072 306.2137)(441.7994 120.1673 402.6544)(507.1438 212.5368 306.2137)(441.7994 200.1931 402.6544)
(508.7958 106.8433 303.5906)(443.5709 119.9186 400.2166)(508.7958 212.9821 303.5906)(443.5709 200.4318 400.2166)
(509.9821 106.5037 301.6988)(444.8503 119.7363 398.4488)(509.9821 213.308 301.6988)(444.8503 200.6068 398.4487)
(511.098 106.1791 299.9126)(446.0599 119.5619 396.772)(511.0981 213.6196 299.9125)(446.0599 200.7742 396.772)
(511.8116 105.9689 298.7668)(446.8365 119.4489 395.6927)(511.8116 213.8214 298.7668)(446.8365 200.8826 395.6927)
(512.6497 105.7193 297.4178)(447.7518 119.3146 394.418)(512.6497 214.061 297.4178)(447.7518 201.0116 394.418)
(513.2516 105.5381 296.4464)(448.4113 119.2171 393.4976)(513.2516 214.2348 296.4464)(448.4113 201.1051 393.4976)
(513.85 105.3565 295.4785)(449.0691 119.1193 392.5783)(513.8502 214.4092 295.4784)(449.0691 201.1991 392.5783)
(514.8693 105.0434 293.8252)(450.1936 118.9506 391.0031)(514.8693 214.7097 293.8252)(450.1936 201.361 391.0031)
(515.6567 104.7982 292.5435)(451.0664 118.8183 389.7776)(515.6567 214.945 292.5435)(451.0665 201.4879 389.7776)
(516.2781 104.6027 291.5292)(451.7578 118.7128 388.8051)(516.2781 215.1327 291.5292)(451.7578 201.5892 388.8051)
(516.8445 104.4228 290.6025)(452.39 118.6157 387.9144)(516.8445 215.3053 290.6025)(452.39 201.6824 387.9144)
(517.9282 104.0743 288.8234)(453.6049 118.4275 386.199)(517.9282 215.6399 288.8234)(453.605 201.8631 386.199)
(519.0814 103.6969 286.921)(454.9062 118.2234 384.3564)(519.0814 216.0022 286.921)(454.9062 202.059 384.3564)
(520.0606 103.3708 285.2977)(456.0183 118.0469 382.7776)(520.0607 216.3151 285.2977)(456.0184 202.2283 382.7776)
(520.7475 103.139 284.1547)(456.8023 117.9214 381.662)(520.7475 216.5376 284.1547)(456.8024 202.3488 381.662)
(521.6287 102.8377 282.6828)(457.8132 117.7581 380.221)(521.6287 216.8268 282.6828)(457.8132 202.5055 380.221)
(523.0402 102.3456 280.311)(459.4449 117.4912 377.8882)(523.0402 217.2991 280.311)(459.4449 202.7617 377.8882)
(523.8087 102.0726 279.0124)(460.34 117.3429 376.6051)(523.8087 217.5612 279.0123)(460.34 202.904 376.6051)
(524.501 101.8235 277.8376)(461.1506 117.2076 375.441)(524.501 217.8003 277.8376)(461.1506 203.034 375.441)
(525.5206 101.4508 276.0988)(462.3522 117.005 373.7118)(525.5207 218.1581 276.0988)(462.3523 203.2285 373.7118)
(526.7184 101.0039 274.0424)(463.7762 116.7617 371.6573)(526.7185 218.587 274.0424)(463.7762 203.4619 371.6573)
(527.4239 100.736 272.8239)(464.6212 116.6158 370.4351)(527.424 218.8442 272.8239)(464.6213 203.602 370.4351)
(528.0897 100.4797 271.6686)(465.4235 116.4761 369.2729)(528.0897 219.0901 271.6686)(465.4235 203.7361 369.2729)
(529.0859 100.0899 269.9302)(466.6325 116.2635 367.5179)(529.0859 219.4642 269.9302)(466.6326 203.9402 367.5179)
(529.8733 99.77625 268.5472)(467.5961 116.0922 366.1162)(529.8732 219.7654 268.5472)(467.5961 204.1046 366.1162)
(530.9601 99.33472 266.6244)(468.9381 115.8509 364.1596)(530.9602 220.1892 266.6244)(468.9381 204.3362 364.1596)
(531.762 99.00237 265.1951)(469.9375 115.6691 362.6991)(531.762 220.5082 265.1951)(469.9375 204.5107 362.6991)
(532.5795 98.65747 263.728)(470.9651 115.4803 361.1946)(532.5795 220.8392 263.7279)(470.9651 204.6919 361.1946)
(533.6433 98.19901 261.8027)(472.3161 115.2291 359.2119)(533.6432 221.2793 261.8027)(472.3161 204.933 359.2119)
(534.3491 97.8885 260.5146)(473.2216 115.0587 357.8802)(534.3491 221.5773 260.5146)(473.2216 205.0965 357.8802)
(534.9348 97.62685 259.439)(473.9789 114.9151 356.7647)(534.9348 221.8284 259.439)(473.9789 205.2344 356.7647)
(535.5652 97.341 258.274)(474.8001 114.7581 355.5533)(535.5652 222.1028 258.274)(474.8001 205.3851 355.5533)
(536.113 97.0889 257.2553)(475.5192 114.6195 354.4909)(536.113 222.3448 257.2553)(475.5192 205.5181 354.4909)
(536.6365 96.84469 256.276)(476.2112 114.4852 353.4671)(536.6365 222.5792 256.276)(476.2112 205.6471 353.4671)
(537.2278 96.5648 255.1628)(476.9989 114.3311 352.3003)(537.2278 222.8479 255.1628)(476.9989 205.795 352.3003)
(537.8342 96.27316 254.0131)(477.8135 114.1704 351.0917)(537.8342 223.1278 254.0131)(477.8135 205.9491 351.0917)
(538.4018 95.99572 252.929)(478.5827 114.0175 349.9488)(538.4018 223.3941 252.929)(478.5827 206.0959 349.9488)
(538.9879 95.70453 251.801)(479.384 113.8569 348.7563)(538.9879 223.6736 251.801)(479.384 206.2501 348.7563)
(539.5684 95.41129 250.6753)(480.1849 113.695 347.5627)(539.5684 223.955 250.6753)(480.1849 206.4055 347.5627)
(539.9972 95.19141 249.8377)(480.7816 113.5735 346.6724)(539.9973 224.1661 249.8377)(480.7816 206.5222 346.6724)
(540.4459 94.95826 248.9557)(481.4104 113.4446 345.7328)(540.4459 224.3899 248.9557)(481.4104 206.6459 345.7328)
(540.8463 94.74745 248.1636)(481.9759 113.328 344.8871)(540.8463 224.5922 248.1636)(481.9759 206.7578 344.8871)
(541.2757 94.51836 247.3084)(482.5869 113.2012 343.9722)(541.2757 224.8121 247.3084)(482.5869 206.8795 343.9722)
(541.6509 94.31558 246.5564)(483.1247 113.0889 343.1659)(541.6509 225.0068 246.5564)(483.1247 206.9873 343.1658)
(542.1005 94.06931 245.6492)(483.7742 112.9524 342.1911)(542.1005 225.2431 245.6492)(483.7742 207.1183 342.1911)
(543.8326 93.08369 242.0843)(486.3336 112.4052 338.3381)(543.8326 226.1892 242.0843)(486.3336 207.6435 338.3381)
(545.22 92.24715 239.1387)(488.457 111.9396 335.1268)(545.22 226.9921 239.1387)(488.457 208.0905 335.1268)
(546.3099 91.55582 236.7581)(490.1789 111.5539 332.5128)(546.3099 227.6557 236.7581)(490.1789 208.4607 332.5127)
(546.8669 91.18951 235.5157)(491.0795 111.3492 331.1418)(546.867 228.0073 235.5157)(491.0795 208.6571 331.1418)
(547.4266 90.81183 234.2485)(491.9997 111.1379 329.7386)(547.4266 228.3698 234.2484)(491.9996 208.8599 329.7386)
(547.9884 90.42218 232.9552)(492.9401 110.9196 328.3016)(547.9885 228.7438 232.9552)(492.9402 209.0694 328.3015)
(548.5007 90.05694 231.7558)(493.8136 110.7148 326.9643)(548.5008 229.0944 231.7558)(493.8136 209.2661 326.9643)
(548.8865 89.77522 230.8392)(494.4821 110.5566 325.9391)(548.8865 229.3648 230.8392)(494.4821 209.4179 325.9391)
(549.4473 89.35467 229.4842)(495.4716 110.3203 324.419)(549.4473 229.7685 229.4842)(495.4717 209.6447 324.4189)
(549.844 89.04867 228.5082)(496.1854 110.148 323.3204)(549.8441 230.0622 228.5082)(496.1854 209.81 323.3204)
(550.2277 88.74547 227.5493)(496.8874 109.9773 322.2381)(550.2277 230.3532 227.5493)(496.8874 209.9739 322.2381)
(550.5823 88.4585 226.6492)(497.5472 109.8155 321.2194)(550.5823 230.6286 226.6492)(497.5472 210.1293 321.2194)
(551.048 88.07108 225.4451)(498.4309 109.5967 319.8527)(551.048 231.0005 225.4451)(498.4309 210.3392 319.8526)
(551.4581 87.71906 224.3622)(499.2267 109.3978 318.6193)(551.4581 231.3384 224.3622)(499.2268 210.5302 318.6193)
(551.8788 87.34636 223.2269)(500.0621 109.1868 317.3221)(551.8788 231.6961 223.2269)(500.0621 210.7327 317.3221)
(552.2595 86.99805 222.1762)(500.8362 108.9894 316.1177)(552.2596 232.0304 222.1762)(500.8362 210.9221 316.1177)
(553.5735 85.70004 218.3463)(503.6656 108.2515 311.6957)(553.5735 233.2764 218.3463)(503.6656 211.6304 311.6957)
(554.2483 84.961 216.2241)(505.2384 107.8298 309.2234)(554.2483 233.9857 216.2241)(505.2384 212.0352 309.2234)
(555.2814 83.69589 212.6856)(507.8685 107.1049 305.0646)(555.2814 235.2 212.6856)(507.8685 212.7309 305.0646)
(555.586 83.28225 211.5536)(508.7117 106.8671 303.7244)(555.586 235.5971 211.5536)(508.7117 212.9592 303.7244)
(555.8693 82.87596 210.4534)(509.5321 106.6332 302.4172)(555.8694 235.987 210.4534)(509.5322 213.1838 302.4172)
(556.1324 82.47701 209.3841)(510.3302 106.403 301.1423)(556.1324 236.37 209.3841)(510.3302 213.4047 301.1423)
(556.3519 82.12518 208.4502)(511.0278 106.1997 300.0251)(556.3519 236.7077 208.4501)(511.0278 213.5999 300.0251)
(556.5292 81.82616 207.6629)(511.6162 106.0267 299.0807)(556.5293 236.9947 207.6629)(511.6163 213.7659 299.0807)
(556.6847 81.55163 206.9453)(512.153 105.8676 298.2178)(556.6847 237.2582 206.9453)(512.153 213.9186 298.2178)
(556.8948 81.15872 205.9269)(512.9151 105.6396 296.9896)(556.8948 237.6353 205.9269)(512.9152 214.1375 296.9896)
(557.0762 80.79562 204.9947)(513.6133 105.4285 295.8616)(557.0762 237.9838 204.9947)(513.6133 214.3401 295.8616)
(557.2189 80.49091 204.2188)(514.1948 105.2511 294.9201)(557.219 238.2763 204.2188)(514.1947 214.5103 294.9201)
(557.3466 80.20093 203.4859)(514.7442 105.082 294.0285)(557.3467 238.5547 203.4858)(514.7442 214.6726 294.0285)
(557.4813 79.87405 202.666)(515.3591 104.8912 293.0284)(557.4813 238.8684 202.6659)(515.3591 214.8558 293.0284)
(557.603 79.55498 201.872)(515.9548 104.7046 292.0572)(557.6031 239.1747 201.872)(515.9548 215.0349 292.0572)
(557.6887 79.31414 201.2768)(516.4015 104.5636 291.3274)(557.6887 239.4058 201.2768)(516.4016 215.1702 291.3274)
(557.7916 79.00256 200.512)(516.9758 104.3809 290.3873)(557.7916 239.7049 200.5119)(516.9758 215.3456 290.3873)
(557.8868 78.68625 199.7415)(517.5544 104.1951 289.4377)(557.8868 240.0085 199.7415)(517.5545 215.5239 289.4377)
(557.9687 78.38548 199.0143)(518.1008 104.0182 288.5392)(557.9687 240.2972 199.0143)(518.1008 215.6937 288.5391)
(558.0394 78.09677 198.3212)(518.6216 103.8482 287.6805)(558.0396 240.5743 198.3212)(518.6216 215.8569 287.6805)
(558.1053 77.79469 197.6012)(519.1628 103.67 286.7863)(558.1053 240.8643 197.6012)(519.1628 216.028 286.7863)
(558.1575 77.52157 196.9547)(519.6488 103.5086 285.9813)(558.1576 241.1264 196.9547)(519.6488 216.1829 285.9813)
(558.2162 77.15866 196.1022)(520.2897 103.2938 284.9169)(558.2162 241.4748 196.1022)(520.2897 216.389 284.9169)
(558.2578 76.84039 195.3605)(520.8473 103.1051 283.9883)(558.2579 241.7803 195.3605)(520.8473 216.5701 283.9883)
(558.2916 76.50297 194.5804)(521.4338 102.9047 283.0087)(558.2917 242.1041 194.5804)(521.4339 216.7625 283.0087)
(558.3125 76.21046 193.9092)(521.9386 102.7307 282.1634)(558.3124 242.3849 193.9091)(521.9387 216.9296 282.1634)
(558.325 75.9297 193.2692)(522.4199 102.5634 281.3555)(558.325 242.6544 193.2691)(522.4199 217.0901 281.3555)
(558.3303 75.6422 192.6182)(522.9092 102.3918 280.5319)(558.3303 242.9303 192.6182)(522.9093 217.2548 280.5318)
(558.326 75.27552 191.7943)(523.5286 102.1725 279.4863)(558.326 243.2823 191.7943)(523.5286 217.4653 279.4863)
(558.3144 74.99401 191.1666)(524.0004 102.0039 278.6874)(558.3144 243.5525 191.1665)(524.0005 217.6272 278.6874)
(558.2948 74.70526 190.5269)(524.481 101.8307 277.8714)(558.2948 243.8296 190.5269)(524.4811 217.7934 277.8714)
(558.2703 74.44261 189.9488)(524.9154 101.6728 277.1321)(558.2703 244.0817 189.9488)(524.9154 217.9449 277.1321)
(558.2314 74.11949 189.2423)(525.446 101.4783 276.2264)(558.2315 244.3919 189.2423)(525.446 218.1317 276.2264)
(558.1755 73.75118 188.4435)(526.0458 101.2561 275.1991)(558.1755 244.7454 188.4435)(526.0458 218.3449 275.1991)
(558.1245 73.47099 187.8402)(526.4985 101.0867 274.4212)(558.1245 245.0144 187.8402)(526.4985 218.5075 274.4212)
(558.0605 73.16506 187.186)(526.9892 100.9015 273.5753)(558.0605 245.308 187.186)(526.9893 218.6853 273.5753)
(557.9844 72.84529 186.507)(527.4983 100.7075 272.6951)(557.9844 245.6149 186.507)(527.4983 218.8715 272.6951)
(557.8989 72.52564 185.8332)(528.0032 100.5132 271.8191)(557.8989 245.9217 185.8332)(528.0032 219.058 271.8191)
(557.8018 72.19953 185.1507)(528.5142 100.3146 270.9294)(557.8018 246.2347 185.1507)(528.5142 219.2487 270.9294)
(557.7131 71.92654 184.5833)(528.9388 100.148 270.1876)(557.7131 246.4968 184.5833)(528.9388 219.4086 270.1876)
(557.6068 71.62432 183.9591)(529.4056 99.96317 269.3696)(557.6067 246.7869 183.9591)(529.4056 219.5859 269.3696)
(557.4887 71.31397 183.3225)(529.8812 99.77303 268.5332)(557.4887 247.0847 183.3225)(529.8813 219.7684 268.5331)
(557.374 71.03271 182.7494)(530.3091 99.6004 267.7781)(557.3739 247.3547 182.7494)(530.3091 219.9341 267.7781)
(557.2265 70.69546 182.0669)(530.8182 99.39294 266.8764)(557.2265 247.6784 182.0669)(530.8182 220.1333 266.8764)
(557.0822 70.38642 181.446)(531.2809 99.20245 266.0537)(557.0823 247.9751 181.446)(531.2809 220.3161 266.0537)
(556.895 70.01095 180.6973)(531.8382 98.97046 265.0587)(556.895 248.3354 180.6972)(531.8383 220.5388 265.0587)
(556.7448 69.72742 180.1359)(532.2556 98.79488 264.3105)(556.7448 248.6076 180.1359)(532.2556 220.7073 264.3105)
(556.5719 69.41741 179.5261)(532.7084 98.60249 263.4956)(556.5719 248.9052 179.5261)(532.7084 220.892 263.4956)
(556.3351 69.01656 178.7438)(533.2886 98.35312 262.4467)(556.3351 249.2899 178.7438)(533.2886 221.1313 262.4467)
(556.1298 68.68831 178.1082)(533.7592 98.14838 261.5918)(556.1298 249.605 178.1082)(533.7592 221.3279 261.5918)
(555.9468 68.40852 177.57)(534.1571 97.97347 260.8658)(555.9468 249.8735 177.57)(534.1571 221.4957 260.8658)
(555.7089 68.06079 176.9056)(534.6476 97.75559 259.9672)(555.7089 250.2073 176.9056)(534.6476 221.7049 259.9672)
(555.4713 67.72883 176.276)(535.1116 97.54709 259.1129)(555.4713 250.5259 176.276)(535.1117 221.905 259.1129)
(555.1746 67.33344 175.5319)(535.659 97.29807 258.1)(555.1746 250.9054 175.5319)(535.659 222.144 258.1)
(554.8533 66.92611 174.7719)(536.2169 97.04073 257.0615)(554.8533 251.2964 174.7719)(536.2169 222.391 257.0615)
(554.5738 66.58725 174.1446)(536.6763 96.82602 256.2015)(554.5739 251.6217 174.1446)(536.6763 222.5971 256.2015)
(554.2917 66.25803 173.5395)(537.1184 96.61689 255.3693)(554.2917 251.9377 173.5395)(537.1185 222.7979 255.3693)
(553.7951 65.70573 172.5337)(537.8514 96.26482 253.9804)(553.7952 252.4678 172.5337)(537.8514 223.1358 253.9804)
(553.4722 65.36317 171.9157)(538.3003 96.04566 253.1235)(553.4722 252.7966 171.9157)(538.3003 223.3461 253.1235)
(553.1229 65.00552 171.2752)(538.7643 95.81619 252.2324)(553.1229 253.1399 171.2751)(538.7643 223.5664 252.2324)
(552.751 64.63812 170.6221)(539.2361 95.57976 251.3208)(552.751 253.4925 170.6221)(539.2361 223.7933 251.3208)
(552.3467 64.25259 169.9422)(539.7259 95.33089 250.3684)(552.3467 253.8626 169.9422)(539.7259 224.0322 250.3684)
(551.9982 63.93106 169.3793)(540.1301 95.1227 249.5771)(551.9982 254.1712 169.3793)(540.1301 224.232 249.5771)
(551.6179 63.59048 168.7871)(540.5541 94.90154 248.7421)(551.6179 254.4981 168.7871)(540.5541 224.4443 248.7421)
(551.1144 63.15469 168.0353)(541.0904 94.61761 247.6782)(551.1145 254.9164 168.0353)(541.0903 224.7169 247.6782)
(550.4743 62.62283 167.1269)(541.7354 94.2696 246.3865)(550.4744 255.4269 167.1269)(541.7354 225.0509 246.3865)
(549.8976 62.16272 166.3489)(542.2849 93.96718 245.2749)(549.8977 255.8685 166.3489)(542.2849 225.3412 245.2749)
(549.4178 61.79235 165.7278)(542.7215 93.72282 244.384)(549.4179 256.224 165.7278)(542.7216 225.5757 244.384)
(548.8842 61.39241 165.0624)(543.1873 93.45801 243.4259)(548.8841 256.6079 165.0624)(543.1873 225.8299 243.4258)
(548.1477 60.85969 164.1843)(543.7985 93.10371 242.1557)(548.1477 257.1192 164.1843)(543.7986 226.17 242.1556)
(547.6085 60.48245 163.5681)(544.2249 92.85172 241.2602)(547.6085 257.4813 163.5681)(544.2249 226.4118 241.2602)
(547.0273 60.08701 162.9272)(544.6661 92.58656 240.3252)(547.0273 257.8609 162.9272)(544.6661 226.6663 240.3252)
(546.3765 59.65685 162.2356)(545.1394 92.29697 239.3121)(546.3765 258.2738 162.2356)(545.1394 226.9443 239.3121)
(545.6575 59.19583 161.5009)(545.639 91.9852 238.231)(545.6575 258.7163 161.5009)(545.6389 227.2435 238.231)
(545.1306 58.86696 160.9809)(545.9904 91.76187 237.4627)(545.1306 259.032 160.9809)(545.9904 227.4579 237.4627)
(544.5207 58.49485 160.3965)(546.383 91.50829 236.5961)(544.5207 259.3891 160.3965)(546.383 227.7013 236.5961)
(543.7664 58.04688 159.6986)(546.8488 91.20168 235.5568)(543.7664 259.8191 159.6986)(546.8487 227.9956 235.5568)
(542.9453 57.57323 158.9673)(547.3327 90.8759 234.4624)(542.9454 260.2737 158.9672)(547.3328 228.3083 234.4624)
(542.1036 57.10184 158.246)(547.8058 90.54999 233.3778)(542.1036 260.7262 158.246)(547.8058 228.6211 233.3778)
(541.374 56.70393 157.6423)(548.1985 90.27357 232.4657)(541.3741 261.1082 157.6423)(548.1985 228.8865 232.4657)
(540.5526 56.26702 156.9846)(548.6225 89.96862 231.4677)(540.5526 261.5275 156.9846)(548.6226 229.1792 231.4677)
(539.4738 55.70995 156.1541)(549.1523 89.57756 230.2003)(539.4737 262.0622 156.154)(549.1523 229.5545 230.2003)
(538.5829 55.26315 155.4942)(549.5683 89.26208 229.188)(538.5829 262.4911 155.4942)(549.5684 229.8573 229.188)
(537.5939 54.78014 154.7872)(550.009 88.91913 228.0975)(537.5939 262.9547 154.7871)(550.009 230.1865 228.0975)
(536.4519 54.23822 154.0015)(550.4923 88.53196 226.8789)(536.452 263.4748 154.0015)(550.4923 230.5581 226.8789)
(535.4448 53.77346 153.334)(550.8972 88.19784 225.8377)(535.4449 263.921 153.3339)(550.8973 230.8788 225.8376)
(534.5626 53.37582 152.7674)(551.2367 87.91039 224.9495)(534.5627 264.3026 152.7674)(551.2368 231.1547 224.9495)
(533.6737 52.98372 152.2129)(551.5649 87.62553 224.0762)(533.6737 264.679 152.2129)(551.5649 231.4282 224.0761)
(532.7322 52.57706 151.642)(551.8986 87.32855 223.1729)(532.7322 265.0693 151.642)(551.8986 231.7132 223.1729)
(531.6293 52.1116 150.9938)(552.2718 86.98667 222.142)(531.6294 265.5161 150.9938)(552.2718 232.0414 222.142)
(530.2573 51.54799 150.2162)(552.7112 86.56978 220.8978)(530.2572 266.057 150.2162)(552.7113 232.4415 220.8977)
(529.1691 51.11239 149.6208)(553.0415 86.24532 219.939)(529.1691 266.4752 149.6208)(553.0415 232.7529 219.939)
(527.9416 50.63239 148.97)(553.3959 85.88551 218.8855)(527.9416 266.9359 148.97)(553.3958 233.0983 218.8855)
(526.8637 50.22034 148.416)(553.6917 85.57465 217.9833)(526.8637 267.3314 148.4159)(553.6917 233.3967 217.9833)
(525.6718 49.77449 147.821)(554.0032 85.23616 217.0095)(525.6718 267.7593 147.821)(554.0032 233.7216 217.0094)
(524.5974 49.38085 147.2997)(554.2707 84.93544 216.1515)(524.5973 268.1371 147.2997)(554.2707 234.0102 216.1515)
(523.3889 48.94719 146.7296)(554.557 84.60207 215.2083)(523.389 268.5534 146.7296)(554.557 234.3302 215.2083)
(521.1322 48.1613 145.7077)(555.0532 83.99218 213.5039)(521.1323 269.3077 145.7077)(555.0532 234.9156 213.5039)
(519.3824 47.5722 144.951)(555.4056 83.52992 212.2299)(519.3824 269.8732 144.9509)(555.4056 235.3593 212.2299)
(517.5623 46.97672 144.194)(555.7443 83.05812 210.9452)(517.5622 270.4448 144.194)(555.7443 235.8122 210.9452)
(516.0339 46.48962 143.5806)(556.0079 82.66865 209.8964)(516.0338 270.9123 143.5806)(556.0079 236.186 209.8964)
(514.0608 45.87724 142.8168)(556.322 82.17432 208.5801)(514.0609 271.5001 142.8168)(556.322 236.6605 208.5801)
(512.3951 45.37395 142.1952)(556.565 81.764 207.5)(512.3951 271.9832 142.1952)(556.5651 237.0543 207.5)
(510.7689 44.89401 141.6074)(556.7841 81.3692 206.4712)(510.7689 272.4438 141.6074)(556.7841 237.4333 206.4712)
(509.0372 44.3948 141.0012)(556.9982 80.95477 205.4023)(509.0372 272.923 141.0011)(556.9982 237.8311 205.4022)
(507.4992 43.96115 140.4787)(557.1727 80.59157 204.4744)(507.4993 273.3392 140.4787)(557.1727 238.1797 204.4744)
(505.6962 43.46395 139.8845)(557.3592 80.17133 203.4113)(505.6962 273.8165 139.8845)(557.3593 238.5831 203.4113)
(504.074 43.02651 139.3658)(557.511 79.79813 202.4765)(504.0741 274.2364 139.3658)(557.5111 238.9413 202.4765)
(502.3669 42.5759 138.8355)(557.6553 79.41015 201.5137)(502.3669 274.6689 138.8355)(557.6552 239.3137 201.5137)
(500.8305 42.17845 138.3711)(557.7717 79.06493 200.6646)(500.8305 275.0504 138.3711)(557.7718 239.645 200.6646)
(497.4592 41.33224 137.3926)(557.9855 78.31989 198.8564)(497.4592 275.8626 137.3926)(557.9855 240.3602 198.8564)
(491.2589 39.86126 135.7243)(558.2394 76.99021 195.709)(491.259 277.2745 135.7243)(558.2394 241.6364 195.709)
(487.8336 39.09195 134.8678)(558.3085 76.27584 194.0588)(487.8336 278.0129 134.8678)(558.3085 242.3221 194.0588)
(484.4778 38.36592 134.0693)(558.3305 75.5886 192.4974)(484.4779 278.7098 134.0693)(558.3304 242.9818 192.4973)
(482.0316 37.85295 133.5109)(558.3195 75.09498 191.3913)(482.0317 279.2022 133.5108)(558.3195 243.4556 191.3913)
(478.0694 37.04966 132.6456)(558.2553 74.30769 189.6531)(478.0693 279.9732 132.6456)(558.2553 244.2112 189.6531)
(474.7263 36.39715 131.951)(558.1587 73.6545 188.2349)(474.7263 280.5995 131.951)(558.1588 244.8382 188.2348)
(471.6747 35.82061 131.3433)(558.038 73.06646 186.9761)(471.6747 281.1529 131.3433)(558.038 245.4026 186.9761)
(468.0898 35.16558 130.6596)(557.8582 72.38511 185.5385)(468.0898 281.7816 130.6595)(557.8583 246.0566 185.5384)
(465.4312 34.69464 130.1724)(557.6993 71.886 184.4993)(465.4313 282.2336 130.1724)(557.6992 246.5357 184.4993)
(463.0972 34.29123 129.7579)(557.5422 71.45199 183.6051)(463.0972 282.6209 129.7579)(557.5422 246.9523 183.605)
(460.796 33.90239 129.361)(557.3718 71.02767 182.7392)(460.796 282.9941 129.361)(557.3718 247.3595 182.7392)
(458.1396 33.46428 128.9166)(557.1562 70.54221 181.7585)(458.1396 283.4146 128.9166)(557.1561 247.8255 181.7585)
(455.7046 33.07244 128.5217)(556.9412 70.10111 180.8765)(455.7046 283.7907 128.5217)(556.9412 248.2489 180.8764)
(452.6437 32.59274 128.0416)(556.6479 69.55164 179.7897)(452.6437 284.2512 128.0416)(556.6479 248.7763 179.7897)
(450.3763 32.24641 127.6972)(556.4144 69.14812 178.9998)(450.3762 284.5836 127.6972)(556.4144 249.1637 178.9998)
(447.3352 31.79351 127.2496)(556.0801 68.61134 177.9598)(447.3352 285.0183 127.2495)(556.0802 249.6788 177.9598)
(444.3484 31.36131 126.8253)(555.7286 68.08891 176.9592)(444.3484 285.4331 126.8253)(555.7286 250.1803 176.9592)
(441.9516 31.0233 126.4955)(555.4302 67.67294 176.1705)(441.9515 285.7576 126.4955)(555.4302 250.5796 176.1704)
(439.4803 30.68272 126.1649)(555.1077 67.24696 175.37)(439.4802 286.0845 126.1649)(555.1077 250.9884 175.37)
(436.7136 30.31096 125.806)(554.7288 66.77353 174.4889)(436.7136 286.4413 125.806)(554.7288 251.4429 174.4888)
(434.4421 30.01295 125.5198)(554.4039 66.38739 173.7767)(434.4421 286.7274 125.5198)(554.4037 251.8135 173.7767)
(430.8524 29.55504 125.0825)(553.8652 65.78178 172.6715)(430.8524 287.1669 125.0825)(553.8652 252.3948 172.6715)
(427.2169 29.10711 124.6577)(553.2889 65.17392 171.5761)(427.2169 287.5968 124.6577)(553.2889 252.9783 171.5761)
(424.1295 28.73893 124.3107)(552.7756 64.66184 170.6642)(424.1295 287.9502 124.3107)(552.7756 253.4698 170.6642)
(421.6586 28.45212 124.0417)(552.349 64.25466 169.9459)(421.6586 288.2255 124.0417)(552.3489 253.8606 169.9459)
(418.9161 28.14193 123.7521)(551.8591 63.80545 169.1604)(418.916 288.5233 123.7521)(551.8591 254.2918 169.1604)
(415.2929 27.74469 123.3832)(551.1864 63.216 168.1407)(415.2928 288.9045 123.3832)(551.1864 254.8575 168.1407)
(412.2536 27.42232 123.0855)(550.5996 62.725 167.3006)(412.2535 289.214 123.0854)(550.5996 255.3288 167.3006)
(409.0901 27.09721 122.7866)(549.9672 62.21725 166.4407)(409.0902 289.526 122.7866)(549.9672 255.8162 166.4407)
(406.6254 26.85104 122.5613)(549.4592 61.82384 165.7805)(406.6253 289.7623 122.5613)(549.4592 256.1938 165.7804)
(403.7675 26.5734 122.3082)(548.8537 61.37004 165.0254)(403.7674 290.0288 122.3081)(548.8538 256.6294 165.0254)
(400.8724 26.30037 122.0602)(548.2225 60.91281 164.2715)(400.8724 290.2909 122.0602)(548.2224 257.0683 164.2715)
(398.1259 26.04904 121.8329)(547.6068 60.48132 163.5663)(398.1258 290.5321 121.8329)(547.6068 257.4824 163.5663)
(395.3174 25.79961 121.6081)(546.9604 60.04229 162.855)(395.3174 290.7715 121.6081)(546.9604 257.9038 162.855)
(392.116 25.52439 121.3611)(546.2032 59.54446 162.0559)(392.116 291.0357 121.3611)(546.2033 258.3817 162.0559)
(386.6457 25.07632 120.961)(544.8588 58.70002 160.7182)(386.6458 291.4658 120.961)(544.8588 259.1922 160.7182)
(381.7526 24.69872 120.6259)(543.6023 57.951 159.55)(381.7526 291.8282 120.6259)(543.6023 259.9111 159.55)
(378.2911 24.44457 120.4014)(542.6826 57.42463 158.7392)(378.291 292.0721 120.4014)(542.6826 260.4164 158.7392)
(374.7891 24.19814 120.1845)(541.7264 56.89489 157.9314)(374.789 292.3087 120.1845)(541.7263 260.9249 157.9314)
(371.4282 23.97164 119.9859)(540.7841 56.38903 157.1677)(371.4282 292.5261 119.9859)(540.7841 261.4104 157.1677)
(367.9008 23.74436 119.7872)(539.7693 55.86077 156.3781)(367.9009 292.7442 119.7872)(539.7693 261.9174 156.3781)
(363.7628 23.49109 119.5666)(538.545 55.24435 155.4666)(363.7628 292.9873 119.5666)(538.545 262.5091 155.4666)
(360.5276 23.30303 119.4033)(537.5623 54.76484 154.7649)(360.5276 293.1678 119.4033)(537.5623 262.9694 154.7649)
(357.3263 23.1255 119.2495)(536.5676 54.29242 154.0797)(357.3262 293.3383 119.2495)(536.5676 263.4228 154.0797)
(354.1533 22.95766 119.1046)(535.5601 53.82603 153.4092)(354.1532 293.4994 119.1045)(535.5601 263.8705 153.4091)
(351.1915 22.8084 118.9759)(534.5999 53.39243 152.791)(351.1914 293.6426 118.9759)(534.5998 264.2867 152.791)
(348.3099 22.66997 118.8568)(533.6471 52.97214 152.1966)(348.3098 293.7755 118.8568)(533.647 264.6901 152.1966)
(346.0105 22.56415 118.766)(532.874 52.63779 151.727)(346.0105 293.877 118.766)(532.874 265.011 151.7269)
(343.0835 22.43551 118.6557)(531.8731 52.21349 151.1352)(343.0836 294.0005 118.6557)(531.873 265.4182 151.1352)
(339.7332 22.29655 118.5368)(530.704 51.72968 150.466)(339.7332 294.1339 118.5368)(530.704 265.8826 150.466)
(336.6919 22.17796 118.4356)(529.6211 51.29213 149.8659)(336.6918 294.2477 118.4356)(529.6212 266.3026 149.8659)
(333.8292 22.07287 118.346)(528.5828 50.88167 149.3073)(333.8291 294.3486 118.346)(528.5828 266.6966 149.3073)
(331.2763 21.98448 118.2708)(527.6412 50.51676 148.8141)(331.2762 294.4334 118.2708)(527.6413 267.0469 148.8141)
(328.4585 21.89268 118.1927)(526.5848 50.11516 148.2752)(328.4584 294.5216 118.1927)(526.5848 267.4324 148.2751)
(325.7411 21.8099 118.1224)(525.549 49.72906 147.7607)(325.7411 294.601 118.1224)(525.5489 267.8029 147.7607)
(322.2719 21.71231 118.0397)(524.2014 49.2378 147.1112)(322.2719 294.6947 118.0396)(524.2015 268.2745 147.1111)
(318.6272 21.61954 117.9611)(522.7557 48.72364 146.4375)(318.6271 294.7838 117.9611)(522.7557 268.768 146.4375)
(314.6845 21.53033 117.8856)(521.1565 48.16967 145.7185)(314.6844 294.8694 117.8856)(521.1565 269.2997 145.7185)
(311.8949 21.47428 117.8383)(520.0026 47.77911 145.2159)(311.8949 294.9232 117.8383)(520.0027 269.6746 145.2159)
(308.8772 21.42013 117.7926)(518.7333 47.35786 144.6776)(308.8772 294.9752 117.7926)(518.7333 270.0789 144.6776)
(305.8371 21.37238 117.7523)(517.4321 46.93481 144.141)(305.8371 295.021 117.7523)(517.4322 270.485 144.141)
(301.6508 21.31782 117.7063)(515.6031 46.35441 143.4113)(301.6507 295.0733 117.7063)(515.6031 271.0421 143.4113)
(297.6377 21.27766 117.6725)(513.8088 45.80037 142.7215)(297.6377 295.1119 117.6724)(513.8087 271.5739 142.7215)
(293.9124 21.25093 117.6499)(512.1066 45.28801 142.0896)(293.9124 295.1375 117.6499)(512.1066 272.0657 142.0896)
(289.8832 21.23351 117.6353)(510.2253 44.73602 141.415)(289.8832 295.1543 117.6353)(510.2253 272.5955 141.4149)
(286.1931 21.22804 117.6307)(508.4651 44.23246 140.8051)(286.1931 295.1595 117.6307)(508.4651 273.0788 140.8051)
(281.1262 21.23671 117.638)(505.9893 43.54401 139.9798)(281.1262 295.1512 117.638)(505.9893 273.7396 139.9798)
(277.7149 21.25319 117.6518)(504.2833 43.0825 139.432)(277.7148 295.1354 117.6518)(504.2833 274.1826 139.432)
(271.8585 21.30136 117.6924)(501.2795 42.2939 138.5057)(271.8585 295.0891 117.6924)(501.2794 274.9395 138.5057)
(268.3627 21.34213 117.7268)(499.4404 41.82539 137.9612)(268.3626 295.05 117.7268)(499.4404 275.3892 137.9612)
(264.7374 21.39392 117.7704)(497.4961 41.34135 137.4031)(264.7375 295.0003 117.7704)(497.4961 275.8539 137.4031)
(259.1951 21.49193 117.8532)(494.4489 40.60488 136.5626)(259.1951 294.9062 117.8532)(494.4489 276.5607 136.5626)
(253.6792 21.61217 117.9548)(491.3244 39.87625 135.7411)(253.6791 294.7908 117.9548)(491.3244 277.2601 135.7411)
(248.0718 21.75772 118.0782)(488.0515 39.14006 134.921)(248.0718 294.6511 118.0781)(488.0515 277.9667 134.921)
(244.252 21.87045 118.1738)(485.7647 38.64118 134.3709)(244.2521 294.5429 118.1738)(485.7647 278.4456 134.3709)
(234.4754 22.20978 118.4627)(479.6922 37.37471 132.9944)(234.4754 294.2172 118.4627)(479.6921 279.6612 132.9944)
(226.0684 22.56061 118.763)(474.2074 36.29788 131.8459)(226.0684 293.8805 118.7629)(474.2074 280.6948 131.8459)
(221.7824 22.76085 118.935)(471.3133 35.75349 131.2729)(221.7823 293.6882 118.935)(471.3133 281.2173 131.2729)
(218.0277 22.94835 119.0965)(468.7217 35.27932 130.7778)(218.0276 293.5083 119.0965)(468.7218 281.6725 130.7778)
(214.0821 23.15766 119.2774)(465.9403 34.78386 130.2644)(214.0821 293.3074 119.2773)(465.9403 282.148 130.2644)
(210.9816 23.33102 119.4276)(463.712 34.39657 129.8659)(210.9815 293.141 119.4276)(463.712 282.5198 129.8659)
(207.8687 23.51307 119.5857)(461.436 34.00969 129.4703)(207.8687 292.9662 119.5857)(461.436 282.8911 129.4702)
(205.0432 23.68531 119.7357)(459.3359 33.66019 129.1149)(205.0431 292.8009 119.7357)(459.3358 283.2266 129.1149)
(202.3248 23.85741 119.886)(457.2839 33.32555 128.7765)(202.3247 292.6357 119.8859)(457.2838 283.5478 128.7765)
(199.4197 24.04822 120.053)(455.0564 32.96972 128.4186)(199.4197 292.4526 120.053)(455.0564 283.8893 128.4186)
(196.9838 24.21377 120.1983)(453.1605 32.67275 128.1214)(196.9837 292.2937 120.1983)(453.1605 284.1743 128.1214)
(194.5024 24.38775 120.3514)(451.2023 32.37167 127.8215)(194.5023 292.1267 120.3513)(451.2023 284.4633 127.8215)
(192.1348 24.5589 120.5023)(449.3078 32.0858 127.5381)(192.1347 291.9624 120.5023)(449.3077 284.7377 127.5381)
(189.5877 24.74838 120.6699)(447.2414 31.77975 127.236)(189.5878 291.7805 120.6699)(447.2414 285.0315 127.236)
(187.3385 24.92057 120.8226)(445.3915 31.51083 126.9718)(187.3384 291.6153 120.8226)(445.3915 285.2896 126.9717)
(184.2388 25.16545 121.0404)(442.8027 31.14241 126.6115)(184.2389 291.3802 121.0404)(442.8026 285.6432 126.6115)
(180.9277 25.43677 121.2827)(439.9855 30.75175 126.2318)(180.9277 291.1198 121.2827)(439.9855 286.0182 126.2318)
(177.912 25.69276 121.5121)(437.3722 30.39854 125.8904)(177.9119 290.8741 121.5121)(437.3722 286.3572 125.8904)
(175.0532 25.94336 121.7376)(434.8522 30.06623 125.5709)(175.0531 290.6335 121.7376)(434.8522 286.6762 125.5709)
(171.0358 26.30893 122.068)(431.2381 29.60349 125.1287)(171.0358 290.2827 122.068)(431.2381 287.1204 125.1287)
(167.2309 26.66972 122.3959)(427.735 29.16996 124.7172)(167.2308 289.9363 122.3959)(427.735 287.5365 124.7172)
(164.2531 26.96234 122.6631)(424.9369 28.83423 124.4004)(164.253 289.6555 122.6631)(424.9368 287.8587 124.4004)
(161.235 27.26805 122.9435)(422.0493 28.49707 124.0838)(161.235 289.362 122.9435)(422.0493 288.1824 124.0838)
(158.5582 27.54722 123.2007)(419.4432 28.20093 123.8071)(158.5582 289.0941 123.2007)(419.4432 288.4666 123.8071)
(155.7306 27.85033 123.4811)(416.6435 27.89108 123.5189)(155.7306 288.8031 123.4811)(416.6435 288.764 123.5189)
(152.0421 28.2588 123.8611)(412.9166 27.49187 123.1496)(152.0421 288.411 123.8611)(412.9165 289.1472 123.1496)
(142.5453 29.38099 124.9172)(402.9119 26.49185 122.234)(142.5452 287.334 124.9171)(402.912 290.1071 122.234)
(139.8559 29.71803 125.2378)(399.966 26.21667 121.9844)(139.8558 287.0104 125.2378)(399.966 290.3712 121.9844)
(135.565 30.27405 125.7705)(395.1568 25.78555 121.5955)(135.5649 286.4767 125.7705)(395.1568 290.785 121.5955)
(132.3067 30.71177 126.1931)(391.4122 25.46518 121.3081)(132.3067 286.0566 126.1931)(391.4122 291.0925 121.3081)
(128.1357 31.29239 126.758)(386.4968 25.06448 120.9505)(128.1358 285.4993 126.758)(386.4968 291.4771 120.9505)
(124.0092 31.89006 127.3447)(381.4928 24.67931 120.6088)(124.0092 284.9256 127.3447)(381.4927 291.8468 120.6088)
(120.4866 32.4192 127.8688)(377.1055 24.35995 120.3269)(120.4866 284.4178 127.8688)(377.1055 292.1534 120.3269)
(117.0501 32.95291 128.4017)(372.718 24.05744 120.0611)(117.0501 283.9055 128.4017)(372.718 292.4437 120.0611)
(114.3639 33.38256 128.834)(369.2115 23.8276 119.8599)(114.3638 283.4931 128.834)(369.2115 292.6643 119.8599)
(112.1564 33.74411 129.2001)(366.2776 23.64338 119.6991)(112.1565 283.146 129.2001)(366.2777 292.8412 119.6991)
(109.8553 34.12928 129.5923)(363.1677 23.45587 119.536)(109.8553 282.7763 129.5923)(363.1677 293.0211 119.536)
(107.8312 34.47531 129.9467)(360.3871 23.2951 119.3964)(107.8312 282.4442 129.9467)(360.387 293.1754 119.3964)
(105.8298 34.82432 130.3062)(357.5949 23.14005 119.2621)(105.8297 282.1092 130.3062)(357.5949 293.3243 119.2621)
(104.2903 35.09748 130.5889)(355.4178 23.02357 119.1614)(104.2902 281.847 130.5889)(355.4178 293.4361 119.1614)
(102.1011 35.49323 131.0007)(352.2763 22.86228 119.0223)(102.101 281.4671 131.0007)(352.2763 293.5909 119.0223)
(100.1725 35.84911 131.3732)(349.4633 22.72459 118.9038)(100.1725 281.1255 131.3732)(349.4632 293.7231 118.9038)
(98.18922 36.22233 131.7661)(346.525 22.58742 118.786)(98.18919 280.7673 131.7661)(346.525 293.8547 118.786)
(96.16894 36.61038 132.1772)(343.4825 22.45264 118.6704)(96.16885 280.3948 132.1772)(343.4824 293.9841 118.6704)
(93.90701 37.05438 132.6507)(340.0157 22.3079 118.5466)(93.90694 279.9687 132.6507)(340.0157 294.123 118.5466)
(91.90516 37.45619 133.0821)(336.892 22.18557 118.4421)(91.90512 279.583 133.0821)(336.892 294.2404 118.4421)
(90.28194 37.78824 133.4408)(334.3198 22.09048 118.361)(90.28188 279.2643 133.4407)(334.3197 294.3317 118.361)
(88.91526 38.07218 133.749)(332.1263 22.01335 118.2953)(88.91523 278.9917 133.749)(332.1263 294.4057 118.2953)
(87.32581 38.40775 134.1151)(329.5418 21.92725 118.2221)(87.32575 278.6696 134.1151)(329.5418 294.4884 118.2221)
(85.76758 38.7423 134.4821)(326.9728 21.84674 118.1537)(85.76751 278.3485 134.4821)(326.9728 294.5656 118.1537)
(84.26328 39.07071 134.8443)(324.4583 21.77273 118.0909)(84.26324 278.0333 134.8443)(324.4583 294.6367 118.0909)
(82.44322 39.47536 135.2933)(321.37 21.68839 118.0194)(82.44321 277.6449 135.2933)(321.37 294.7177 118.0194)
(81.13697 39.77085 135.6231)(319.1215 21.63147 117.9712)(81.13692 277.3613 135.623)(319.1215 294.7723 117.9712)
(79.59744 40.12472 136.0201)(316.4361 21.56848 117.9179)(79.5974 277.0216 136.0201)(316.436 294.8327 117.9179)
(77.66936 40.57683 136.5308)(313.0167 21.4961 117.8567)(77.6693 276.5877 136.5308)(313.0166 294.9022 117.8567)
(75.83842 41.01559 137.03)(309.7102 21.4344 117.8046)(75.83833 276.1665 137.03)(309.7101 294.9615 117.8046)
(74.23833 41.40679 137.4783)(306.7715 21.38628 117.764)(74.23827 275.791 137.4783)(306.7716 295.0076 117.764)
(72.69455 41.79141 137.9219)(303.8913 21.34537 117.7295)(72.6945 275.4218 137.9218)(303.8913 295.0469 117.7295)
(70.47974 42.35599 138.5782)(299.6791 21.2966 117.6884)(70.47969 274.8799 138.5782)(299.6791 295.0937 117.6884)
(67.91075 43.03061 139.3706)(294.6693 21.2555 117.6538)(67.9107 274.2324 139.3706)(294.6693 295.1331 117.6538)
(65.60485 43.65529 140.1126)(290.053 21.234 117.6357)(65.60485 273.6328 140.1126)(290.0529 295.1538 117.6357)
(63.7444 44.17327 140.7338)(286.2414 21.22799 117.6306)(63.74433 273.1356 140.7338)(286.2414 295.1595 117.6306)
(62.15471 44.62636 141.2817)(282.9196 21.23151 117.6336)(62.15464 272.7007 141.2817)(282.9195 295.1562 117.6336)
(59.93501 45.27568 142.0744)(278.1776 21.2504 117.6495)(59.93494 272.0775 142.0744)(278.1776 295.1381 117.6495)
(58.10798 45.82579 142.7531)(274.1779 21.27923 117.6738)(58.10798 271.5495 142.7531)(274.1779 295.1104 117.6738)
(56.89155 46.2003 143.2188)(271.4643 21.30552 117.6959)(56.89146 271.19 143.2187)(271.4643 295.0851 117.6959)
(55.25963 46.71346 143.8618)(267.7577 21.35011 117.7335)(55.2596 270.6974 143.8618)(267.7577 295.0423 117.7335)
(53.67813 47.22323 144.5064)(264.0895 21.40422 117.7791)(53.67809 270.2081 144.5064)(264.0895 294.9904 117.7791)
(51.76 47.85891 145.3183)(259.5347 21.48529 117.8476)(51.75996 269.598 145.3183)(259.5347 294.9126 117.8476)
(50.07228 48.43497 146.062)(255.4254 21.57165 117.9206)(50.07223 269.045 146.062)(255.4253 294.8297 117.9206)
(48.8359 48.86758 146.6255)(252.3511 21.6445 117.9822)(48.83583 268.6298 146.6255)(252.3511 294.7598 117.9822)
(47.34965 49.40015 147.3252)(248.5802 21.74358 118.0662)(47.34962 268.1186 147.3252)(248.5802 294.6647 118.0662)
(45.56034 50.06059 148.2022)(243.9251 21.88064 118.1825)(45.5603 267.4847 148.2022)(243.925 294.5331 118.1825)
(44.36748 50.51344 148.8097)(240.7471 21.98371 118.2701)(44.36741 267.05 148.8097)(240.747 294.4342 118.2701)
(42.69758 51.16532 149.6929)(236.1918 22.14487 118.4074)(42.69754 266.4243 149.6929)(236.1918 294.2795 118.4074)
(41.49112 51.65014 150.3566)(232.8189 22.27446 118.518)(41.49105 265.959 150.3566)(232.8189 294.1551 118.518)
(40.22847 52.17104 151.0762)(229.2102 22.42299 118.645)(40.22843 265.459 151.0762)(229.2101 294.0125 118.645)
(38.79613 52.77966 151.9259)(225.0128 22.6085 118.804)(38.79605 264.8748 151.9259)(225.0128 293.8345 118.804)
(37.79604 53.21661 152.5418)(222.0128 22.74968 118.9254)(37.79602 264.4554 152.5418)(222.0126 293.699 118.9254)
(36.62461 53.74184 153.2888)(218.4211 22.92814 119.0791)(36.62458 263.9513 153.2888)(218.421 293.5277 119.0791)
(35.22112 54.3917 154.2232)(213.9997 23.16211 119.2812)(35.22107 263.3275 154.2232)(213.9997 293.3031 119.2812)
(34.18155 54.88864 154.9454)(210.636 23.35083 119.4447)(34.1815 262.8505 154.9454)(210.636 293.1219 119.4447)
(33.06354 55.43909 155.7534)(206.9276 23.56969 119.635)(33.06347 262.3222 155.7534)(206.9275 292.9119 119.6349)
(32.00694 55.97584 156.5494)(203.3294 23.79304 119.8297)(32.0069 261.807 156.5494)(203.3293 292.6975 119.8297)
(30.86167 56.57751 157.4514)(199.3179 24.05506 120.059)(30.86162 261.2295 157.4514)(199.3179 292.446 120.059)
(29.91349 57.09249 158.2318)(195.9026 24.28897 120.2644)(29.91346 260.7352 158.2318)(195.9026 292.2215 120.2644)
(28.72285 57.763 159.2595)(191.4818 24.60686 120.5447)(28.72281 260.0916 159.2595)(191.4817 291.9164 120.5447)
(27.6419 58.39732 160.244)(187.3273 24.92149 120.8234)(27.64187 259.4828 160.244)(187.3273 291.6144 120.8234)
(26.89397 58.85184 160.9571)(184.3672 25.15512 121.0312)(26.89393 259.0464 160.9571)(184.3672 291.3901 121.0312)
(26.03799 59.3894 161.8086)(180.8848 25.44027 121.2858)(26.03799 258.5305 161.8086)(180.8847 291.1164 121.2858)
(25.25231 59.90072 162.627)(177.5913 25.72048 121.537)(25.25226 258.0397 162.627)(177.5912 290.8474 121.537)
(24.5275 60.38902 163.4163)(174.4635 25.99608 121.7851)(24.52748 257.571 163.4163)(174.4634 290.5829 121.7851)
(23.77082 60.91762 164.2794)(171.0971 26.30317 122.0628)(23.77078 257.0637 164.2794)(171.097 290.2882 122.0628)
(23.03064 61.45557 165.1671)(167.6929 26.62522 122.3553)(23.03062 256.5473 165.1671)(167.6929 289.9791 122.3553)
(22.44992 61.89345 165.8969)(164.9378 26.89425 122.6008)(22.44987 256.127 165.8969)(164.9378 289.7208 122.6008)
(21.49647 62.64663 167.1673)(160.2335 27.37158 123.0387)(21.49642 255.4041 167.1673)(160.2335 289.2627 123.0387)
(20.7585 63.26326 168.222)(156.4157 27.77612 123.4123)(20.75847 254.8122 168.222)(156.4156 288.8744 123.4123)
(20.15165 63.79584 169.1437)(153.1427 28.13534 123.746)(20.15162 254.301 169.1437)(153.1427 288.5296 123.746)
(19.69263 64.21597 169.8779)(150.5772 28.42517 124.0165)(19.69258 253.8977 169.8779)(150.5771 288.2514 124.0165)
(19.29066 64.59769 170.5506)(148.259 28.69336 124.2679)(19.29065 253.5313 170.5506)(148.259 287.994 124.2679)
(18.75096 65.13329 171.5034)(145.0274 29.0776 124.6299)(18.75092 253.0172 171.5034)(145.0273 287.6252 124.6298)
(18.37524 65.52367 172.2047)(142.6875 29.36338 124.9004)(18.37519 252.6425 172.2047)(142.6875 287.3508 124.9004)
(17.83508 66.11385 173.2758)(139.1751 29.80465 125.3205)(17.83504 252.0761 173.2758)(139.1751 286.9273 125.3205)
(17.25408 66.7945 174.5277)(135.1634 30.32725 125.8217)(17.25403 251.4227 174.5277)(135.1633 286.4257 125.8217)
(16.88062 67.26234 175.3988)(132.4306 30.69494 126.1768)(16.88058 250.9737 175.3988)(132.4306 286.0727 126.1768)
(16.43859 67.85316 176.5113)(129.0081 31.16907 126.6376)(16.43854 250.4066 176.5113)(129.0081 285.6176 126.6376)
(16.01625 68.46445 177.6773)(125.5022 31.67113 127.1292)(16.01622 249.8198 177.6773)(125.5022 285.1357 127.1292)
(15.58606 69.14761 178.9988)(121.6268 32.24598 127.6968)(15.58604 249.1641 178.9988)(121.6268 284.584 127.6968)
(15.31593 69.61705 179.9184)(118.9906 32.64941 128.0981)(15.3159 248.7135 179.9184)(118.9906 284.1967 128.0981)
(15.1156 69.99078 180.6572)(116.9078 32.97544 128.4243)(15.11558 248.3548 180.6572)(116.9077 283.8838 128.4243)
(14.90662 70.40967 181.4925)(114.5902 33.34594 128.7971)(14.9066 247.9527 181.4925)(114.5901 283.5282 128.7971)
(14.67335 70.9221 182.525)(111.7799 33.80653 129.2635)(14.67333 247.4609 182.525)(111.7799 283.0861 129.2635)
(14.46531 71.43245 183.565)(109.0085 34.27322 129.7395)(14.46527 246.971 183.565)(109.0084 282.6382 129.7395)
(14.24675 72.04762 184.8345)(105.7049 34.84631 130.3289)(14.2467 246.3806 184.8345)(105.7049 282.0881 130.3289)
(14.07628 72.61519 186.0215)(102.6938 35.38521 130.888)(14.07625 245.8358 186.0215)(102.6938 281.5708 130.888)
(13.95867 73.0815 187.0081)(100.2471 35.83526 131.3586)(13.95862 245.3882 187.0081)(100.247 281.1388 131.3586)
(13.8667 73.51761 187.9404)(97.98075 36.26207 131.8081)(13.86669 244.9696 187.9404)(97.98071 280.7291 131.8081)
(13.76219 74.1671 189.3461)(94.64608 36.90817 132.4944)(13.76216 244.3462 189.3461)(94.64603 280.109 132.4944)
(13.67472 75.25157 191.7408)(89.18929 38.01492 133.6867)(13.67471 243.3053 191.7408)(89.18925 279.0467 133.6867)
(13.6701 75.69077 192.7279)(87.01973 38.473 134.1865)(13.67007 242.8837 192.7279)(87.01968 278.607 134.1865)
(13.68442 76.15202 193.7756)(84.76674 38.96014 134.7221)(13.68437 242.441 193.7756)(84.7667 278.1394 134.7221)
(13.71408 76.56739 194.7289)(82.76074 39.40417 135.2141)(13.71403 242.0423 194.7289)(82.7607 277.7132 135.2141)
(13.75561 76.95048 195.6164)(80.93012 39.81809 135.6759)(13.75559 241.6746 195.6164)(80.93007 277.3159 135.6759)
(13.80932 77.32561 196.4935)(79.15543 40.22752 136.1359)(13.80929 241.3145 196.4935)(79.15538 276.9229 136.1359)
(13.865 77.64311 197.2419)(77.6679 40.57724 136.5312)(13.86498 241.0097 197.2419)(77.66785 276.5873 136.5312)
