(557.3075 70.87783 182.4354)(530.5435 99.50518 267.3635)(557.3075 247.5034 182.4354)(530.5435 220.0255 267.3635)
(557.3075 70.87783 182.4354)(530.5435 99.50518 267.3635)(557.3075 247.5034 182.4354)(530.5435 220.0255 267.3635)
(557.0693 70.35944 181.392)(531.3211 99.18581 265.9821)(557.0693 248.0009 181.392)(531.3211 220.3321 265.9821)
(556.8045 69.83858 180.3556)(532.0923 98.86375 264.6035)(556.8045 248.5009 180.3556)(532.0923 220.6412 264.6035)
(548.1151 60.83659 164.1465)(543.8248 93.08829 242.1007)(548.1151 257.1414 164.1465)(543.8248 226.1848 242.1007)
(546.2596 59.58092 162.1142)(545.2223 92.24571 239.1338)(546.2596 258.3466 162.1142)(545.2223 226.9935 239.1338)
(545.2295 58.92816 161.0774)(545.9253 91.80349 237.6055)(545.2295 258.9732 161.0774)(545.9253 227.418 237.6055)
(544.2636 58.34077 160.1558)(546.5441 91.40298 236.2382)(544.2636 259.537 160.1558)(546.5441 227.8024 236.2382)
(543.5331 57.91084 159.4879)(546.9886 91.10828 235.242)(543.5331 259.9497 159.4879)(546.9886 228.0853 235.242)
(542.9022 57.54878 158.9297)(547.3575 90.85902 234.4061)(542.9022 260.2972 158.9297)(547.3575 228.3245 234.4061)
(542.2184 57.16536 158.3428)(547.7426 90.59399 233.5237)(542.2184 260.6652 158.3428)(547.7426 228.5789 233.5237)
(541.4884 56.76567 157.7357)(548.1381 90.31653 232.607)(541.4884 261.0489 157.7357)(548.1381 228.8452 232.607)
(540.8512 56.42453 157.2211)(548.4705 90.07873 231.8271)(540.8512 261.3763 157.2211)(548.4705 229.0735 231.8271)
(540.1765 56.07078 156.6911)(548.8106 89.83113 231.0206)(540.1765 261.7159 156.6911)(548.8106 229.3111 231.0206)
(539.4357 55.69063 156.1254)(549.1705 89.56395 230.1565)(539.4357 262.0807 156.1254)(549.1705 229.5676 230.1565)
(538.5977 55.27044 155.5049)(549.5616 89.26724 229.2045)(538.5977 262.4841 155.5049)(549.5616 229.8524 229.2045)
(537.4311 54.70185 154.6732)(550.0797 88.86335 227.9212)(537.4311 263.0298 154.6732)(550.0797 230.2401 227.9212)
(536.6166 54.31536 154.1128)(550.4243 88.58723 227.0521)(536.6166 263.4008 154.1128)(550.4243 230.5051 227.0521)
(535.7816 53.92757 153.5547)(550.764 88.30884 226.1825)(535.7816 263.773 153.5547)(550.764 230.7723 226.1825)
(534.8801 53.51794 152.9694)(551.1161 88.0133 225.2667)(534.8801 264.1662 152.9694)(551.1161 231.056 225.2667)
(533.7695 53.02552 152.2718)(551.5303 87.65597 224.1692)(533.7695 264.6388 152.2718)(551.5303 231.399 224.1692)
(533.0018 52.69258 151.8037)(551.8044 87.41309 223.4293)(533.0018 264.9584 151.8037)(551.8044 231.6321 223.4293)
(532.136 52.32409 151.289)(552.1025 87.143 222.6122)(532.136 265.3121 151.289)(552.1025 231.8913 222.6122)
(531.1382 51.90801 150.712)(552.4322 86.83643 221.692)(531.1382 265.7115 150.712)(552.4322 232.1856 221.692)
(530.2118 51.52959 150.191)(552.7255 86.55609 220.8572)(530.2118 266.0747 150.191)(552.7255 232.4547 220.8572)
(529.2932 51.16156 149.6878)(553.0047 86.28205 220.0471)(529.2932 266.4279 149.6878)(553.0047 232.7177 220.0471)
(528.5195 50.85694 149.2738)(553.2313 86.05415 219.378)(528.5195 266.7204 149.2738)(553.2313 232.9364 219.378)
(527.5742 50.49099 148.7795)(553.4982 85.77905 218.5757)(527.5742 267.0716 148.7795)(553.4982 233.2005 218.5757)
(526.5372 50.09719 148.2512)(553.7786 85.48138 217.7141)(526.5372 267.4496 148.2512)(553.7786 233.4862 217.7141)
(525.5123 49.71558 147.7428)(554.0437 85.19127 216.881)(525.5123 267.8159 147.7428)(554.0437 233.7647 216.881)
(524.3652 49.29683 147.1889)(554.3268 84.87103 215.9687)(524.3652 268.2178 147.1889)(554.3268 234.0721 215.9687)
(523.3593 48.93667 146.7159)(554.5638 84.59395 215.1855)(523.3593 268.5635 146.7159)(554.5638 234.338 215.1855)
(522.299 48.56385 146.2294)(554.8027 84.30552 214.3762)(522.299 268.9213 146.2294)(554.8027 234.6149 214.3762)
(520.7097 48.01755 145.5223)(555.1408 83.87977 213.1927)(520.7097 269.4457 145.5223)(555.1408 235.0235 213.1927)
(519.4698 47.60123 144.9881)(555.3887 83.55281 212.2927)(519.4698 269.8453 144.9881)(555.3887 235.3374 212.2927)
(518.126 47.15934 144.4253)(555.6423 83.20331 211.3389)(518.126 270.2695 144.4253)(555.6423 235.6728 211.3389)
(516.8476 46.74756 143.9048)(555.8698 82.87529 210.4516)(516.8476 270.6647 143.9048)(555.8698 235.9877 210.4516)
(515.2631 46.24826 143.2786)(556.134 82.47445 209.3773)(515.2631 271.144 143.2786)(556.134 236.3724 209.3773)
(513.5602 45.72474 142.6279)(556.397 82.05037 208.2527)(513.5602 271.6465 142.6279)(556.397 236.7795 208.2527)
(512.0442 45.26947 142.0668)(556.6138 81.67834 207.2759)(512.0442 272.0834 142.0668)(556.6138 237.1365 207.2759)
(510.6357 44.85521 141.5601)(556.8012 81.33712 206.3881)(510.6357 272.4811 141.5601)(556.8012 237.4641 206.3881)
(508.8329 44.33663 140.9309)(557.0222 80.90625 205.2778)(508.8329 272.9788 140.9309)(557.0222 237.8776 205.2778)
(507.0553 43.83759 140.3306)(557.2204 80.48753 204.2103)(507.0553 273.4578 140.3306)(557.2204 238.2795 204.2103)
(505.6781 43.45905 139.8787)(557.361 80.16716 203.4009)(505.6781 273.8212 139.8787)(557.361 238.5871 203.4009)
(503.9135 42.98376 139.3153)(557.5253 79.76147 202.3851)(503.9135 274.2774 139.3153)(557.5253 238.9765 202.3851)
(501.0322 42.23024 138.4315)(557.7571 79.11006 200.7752)(501.0322 275.0006 138.4315)(557.7571 239.6017 200.7752)
(499.0642 41.73085 137.8518)(557.8907 78.67254 199.7082)(499.0642 275.48 137.8518)(557.8907 240.0217 199.7082)
(497.3535 41.3063 137.3629)(557.9913 78.29682 198.801)(497.3535 275.8875 137.3629)(557.9913 240.3823 198.801)
(495.5494 40.86783 136.8615)(558.0822 77.90501 197.8635)(495.5494 276.3083 136.8615)(558.0822 240.7584 197.8635)
(493.8347 40.45958 136.398)(558.1548 77.5366 196.9902)(493.8347 276.7002 136.398)(558.1548 241.112 196.9902)
(491.849 39.99677 135.8763)(558.2226 77.11465 195.9993)(491.849 277.1444 135.8763)(558.2226 241.517 195.9993)
(490.0591 39.58844 135.4193)(558.2691 76.73844 195.1242)(490.0591 277.5363 135.4193)(558.2691 241.8781 195.1242)
(488.3825 39.2133 135.0022)(558.3006 76.38941 194.3193)(488.3825 277.8964 135.0022)(558.3006 242.2131 194.3193)
(486.5771 38.81702 134.5643)(558.3219 76.01711 193.468)(486.5771 278.2768 134.5643)(558.3219 242.5704 193.468)
(484.4803 38.36643 134.0699)(558.3305 75.58909 192.4985)(484.4803 278.7093 134.0699)(558.3305 242.9813 192.4985)
(482.1889 37.88553 133.5462)(558.3208 75.12653 191.4616)(482.1889 279.1709 133.5462)(558.3208 243.4253 191.4616)
(480.1559 37.46853 133.0954)(558.296 74.72044 190.5604)(480.1559 279.5711 133.0954)(558.296 243.8151 190.5604)
(478.236 37.08281 132.6811)(558.2591 74.34053 189.725)(478.236 279.9414 132.6811)(558.2591 244.1797 189.725)
(475.8524 36.61445 132.1815)(558.1955 73.87342 188.7079)(475.8524 280.3909 132.1815)(558.1955 244.6281 188.7079)
(473.0468 36.07762 131.6135)(558.0961 73.32989 187.5379)(473.0468 280.9062 131.6135)(558.0961 245.1498 187.5379)
(470.1584 35.54068 131.0502)(557.9669 72.77705 186.3627)(470.1584 281.4216 131.0502)(557.9669 245.6804 186.3627)
(468.0551 35.15932 130.6531)(557.8564 72.37854 185.5247)(468.0551 281.7876 130.6531)(557.8564 246.0629 185.5247)
(464.7198 34.57071 130.0448)(557.6531 71.75332 184.225)(464.7198 282.3526 130.0448)(557.6531 246.663 184.225)
(462.117 34.12455 129.5875)(557.4715 71.27083 183.2344)(462.117 282.7809 129.5875)(557.4715 247.1261 183.2344)
(459.7639 33.73087 129.1866)(557.2904 70.83854 182.3559)(459.7639 283.1587 129.1866)(557.2904 247.5411 182.3559)
(457.1606 33.30566 128.7565)(557.0717 70.36443 181.402)(457.1606 283.5669 128.7565)(557.0717 247.9962 181.402)
(454.7713 32.92469 128.3735)(556.8544 69.93298 180.5425)(454.7713 283.9325 128.3735)(556.8544 248.4103 180.5425)
(452.2316 32.52926 127.9783)(556.6064 69.4781 179.6452)(452.2316 284.3121 127.9783)(556.6064 248.8469 179.6452)
(450.0309 32.19433 127.6455)(556.3777 69.0869 178.8806)(450.0309 284.6335 127.6455)(556.3777 249.2224 178.8806)
(447.8737 31.87275 127.3277)(556.1411 68.70603 178.1424)(447.8737 284.9422 127.3277)(556.1411 249.588 178.1424)
(445.5335 31.53133 126.9919)(555.8708 68.29565 177.3538)(445.5335 285.2699 126.9919)(555.8708 249.9819 177.3538)
(443.0734 31.18052 126.6487)(555.5717 67.86727 176.5381)(443.0734 285.6067 126.6487)(555.5717 250.3931 176.5381)
(440.6985 30.84963 126.3267)(555.2686 67.45659 175.763)(440.6985 285.9243 126.3267)(555.2686 250.7872 175.763)
(437.1919 30.37449 125.8672)(554.7957 66.85509 174.6401)(437.1919 286.3803 125.8672)(554.7957 251.3646 174.6401)
(434.2142 29.98339 125.4915)(554.3705 66.34878 173.7058)(434.2142 286.7557 125.4915)(554.3705 251.8506 173.7058)
(431.4342 29.62817 125.1522)(553.9546 65.87956 172.849)(431.4342 287.0967 125.1522)(553.9546 252.3009 172.849)
(428.1344 29.21867 124.7633)(553.4373 65.32681 171.8503)(428.1344 287.4897 124.7633)(553.4373 252.8315 171.8503)
(425.5984 28.91273 124.4743)(553.0225 64.90502 171.096)(425.5984 287.7834 124.4743)(553.0225 253.2364 171.096)
(422.3824 28.53545 124.1198)(552.4753 64.37372 170.1553)(422.3824 288.1455 124.1198)(552.4753 253.7463 170.1553)
(419.0192 28.15341 123.7628)(551.878 63.82225 169.1897)(419.0192 288.5122 123.7628)(551.878 254.2757 169.1897)
(415.7133 27.79004 123.4252)(551.266 63.28414 168.258)(415.7133 288.861 123.4252)(551.266 254.7921 168.258)
(412.8422 27.48402 123.1423)(550.7148 62.81986 167.4623)(412.8422 289.1547 123.1423)(550.7148 255.2378 167.4623)
(410.1599 27.20599 122.8865)(550.1835 62.3886 166.7299)(410.1599 289.4216 122.8865)(550.1835 255.6517 166.7299)
(407.1043 26.89841 122.6046)(549.559 61.90013 165.9081)(407.1043 289.7168 122.6046)(549.559 256.1206 165.9081)
(401.0542 26.31731 122.0756)(548.2626 60.94145 164.3185)(401.0542 290.2746 122.0756)(548.2626 257.0407 164.3185)
(395.1514 25.78507 121.5951)(546.9218 60.0164 162.8133)(395.1514 290.7855 121.5951)(546.9218 257.9287 162.8133)
(392.2957 25.53959 121.3747)(546.2463 59.57232 162.1004)(392.2957 291.0211 121.3747)(546.2463 258.3549 162.1004)
(389.4456 25.30219 121.1624)(545.5549 59.13126 161.3986)(389.4456 291.2489 121.1624)(545.5549 258.7783 161.3986)
(386.9301 25.09894 120.9812)(544.9302 58.74372 160.7869)(386.9301 291.444 120.9812)(544.9302 259.1502 160.7869)
(383.9759 24.86763 120.7756)(544.1795 58.29061 160.0776)(383.9759 291.666 120.7756)(544.1795 259.5852 160.0776)
(381.4478 24.67593 120.6058)(543.5223 57.90454 159.4781)(381.4478 291.8501 120.6058)(543.5223 259.9557 159.4781)
(379.0108 24.49652 120.4473)(542.8759 57.53383 158.9067)(379.0108 292.0223 120.4473)(542.8759 260.3116 158.9067)
(375.7746 24.26643 120.2446)(541.9981 57.04367 158.1575)(375.7746 292.2431 120.2446)(541.9981 260.782 158.1575)
(372.0864 24.01527 120.0241)(540.9706 56.48791 157.3165)(372.0864 292.4842 120.0241)(540.9706 261.3155 157.3165)
(368.1837 23.76222 119.8028)(539.8517 55.90305 156.441)(368.1837 292.7271 119.8028)(539.8517 261.8769 156.441)
(364.0429 23.50781 119.5811)(538.6291 55.28598 155.5278)(364.0429 292.9713 119.5811)(538.6291 262.4691 155.5278)
(360.425 23.29724 119.3983)(537.5308 54.74969 154.7428)(360.425 293.1734 119.3983)(537.5308 262.9839 154.7428)
(355.8091 23.04423 119.1793)(536.0886 54.06916 153.758)(355.8091 293.4162 119.1793)(536.0886 263.6371 153.758)
(352.42 22.86945 119.0285)(535.0005 53.57208 153.0465)(352.42 293.584 119.0285)(535.0005 264.1142 153.0465)
(347.2626 22.62122 118.815)(533.2965 52.81971 151.9821)(347.2626 293.8223 118.815)(533.2965 264.8364 151.9821)
(340.1031 22.31145 118.5496)(530.8343 51.783 150.5395)(340.1031 294.1196 118.5496)(530.8343 265.8315 150.5395)
(334.8999 22.11143 118.3789)(528.9733 51.03503 149.5155)(334.8999 294.3116 118.3789)(528.9733 266.5494 149.5155)
(329.9587 21.94079 118.2336)(527.1496 50.3288 148.5614)(329.9587 294.4754 118.2336)(527.1496 267.2273 148.5614)
(326.7757 21.84074 118.1486)(525.9454 49.87592 147.956)(326.7757 294.5714 118.1486)(525.9454 267.662 147.956)
(323.015 21.73244 118.0567)(524.4926 49.34286 147.2496)(323.015 294.6754 118.0567)(524.4926 268.1736 147.2496)
(320.2988 21.66082 117.996)(523.4227 48.95919 146.7454)(320.2988 294.7441 117.996)(523.4227 268.5419 146.7454)
(317.5859 21.5948 117.9402)(522.337 48.57709 146.2466)(317.5859 294.8075 117.9402)(522.337 268.9087 146.2466)
(312.938 21.49457 117.8554)(520.4363 47.92501 145.4032)(312.938 294.9037 117.8554)(520.4363 269.5345 145.4032)
(309.3231 21.4277 117.799)(518.9223 47.42002 144.7568)(309.3231 294.9679 117.799)(518.9223 270.0193 144.7568)
(306.4559 21.38156 117.76)(517.6989 47.02081 144.2498)(306.4559 295.0121 117.76)(517.6989 270.4024 144.2498)
(303.8315 21.34462 117.7289)(516.5613 46.65646 143.7901)(303.8315 295.0476 117.7289)(516.5613 270.7522 143.7901)
(298.7815 21.28789 117.6811)(514.3243 45.95805 142.9172)(298.7815 295.1021 117.6811)(514.3243 271.4225 142.9172)
(293.3664 21.24788 117.6474)(511.8542 45.21305 141.9976)(293.3664 295.1405 117.6474)(511.8542 272.1376 141.9976)
(288.7352 21.23073 117.6329)(509.6816 44.57914 141.2244)(288.7352 295.1569 117.6329)(509.6816 272.7461 141.2244)
(285.4692 21.22808 117.6307)(508.1158 44.13385 140.6863)(285.4692 295.1595 117.6307)(508.1158 273.1735 140.6863)
(281.2585 21.23624 117.6376)(506.0549 43.56193 140.0012)(281.2585 295.1516 117.6376)(506.0549 273.7224 140.0012)
(274.4642 21.27675 117.6717)(502.628 42.64417 138.9156)(274.4642 295.1128 117.6717)(502.628 274.6033 138.9156)
(270.7405 21.31338 117.7026)(500.6952 42.14389 138.3309)(270.7405 295.0776 117.7026)(500.6952 275.0835 138.3309)
(267.3711 21.35531 117.7379)(498.9125 41.6928 137.8079)(267.3711 295.0374 117.7379)(498.9125 275.5165 137.8079)
(262.3829 21.43279 117.8033)(496.2127 41.02795 137.0442)(262.3829 294.963 117.8033)(496.2127 276.1546 137.0442)
(256.4849 21.54817 117.9007)(492.9254 40.2463 136.1571)(256.4849 294.8522 117.9007)(492.9254 276.9049 136.1571)
(252.9921 21.62874 117.9689)(490.9287 39.78577 135.6398)(252.9921 294.7749 117.9689)(490.9287 277.347 135.6398)
(249.6825 21.71351 118.0407)(489.0018 39.35103 135.155)(249.6825 294.6935 118.0407)(489.0018 277.7642 135.155)
(244.7075 21.85647 118.162)(486.0398 38.70057 134.4362)(244.7075 294.5563 118.162)(486.0398 278.3886 134.4362)
(240.7548 21.98345 118.2699)(483.6291 38.18645 133.8734)(240.7548 294.4344 118.2699)(483.6291 278.882 133.8734)
(235.2697 22.17943 118.4369)(480.1977 37.47699 133.1045)(235.2697 294.2463 118.4369)(480.1977 279.563 133.1045)
(231.2014 22.33982 118.5739)(477.5859 36.95392 132.5432)(231.2014 294.0924 118.5739)(477.5859 280.0651 132.5432)
(227.0346 22.51744 118.7259)(474.8506 36.421 131.9763)(227.0346 293.9219 118.7259)(474.8506 280.5766 131.9763)
(221.583 22.77055 118.9433)(471.1771 35.72826 131.2465)(221.583 293.6789 118.9433)(471.1771 281.2415 131.2465)
(217.9473 22.95251 119.1001)(468.6657 35.26918 130.7672)(217.9473 293.5043 119.1001)(468.6657 281.6822 130.7672)
(214.9189 23.11221 119.2381)(466.5353 34.88868 130.3727)(214.9189 293.351 119.2381)(466.5353 282.0474 130.3727)
(211.6475 23.29313 119.3947)(464.1938 34.47958 129.9511)(211.6475 293.1773 119.3947)(464.1938 282.4401 129.9511)
(208.7944 23.45814 119.5379)(462.1169 34.12453 129.5875)(208.7944 293.019 119.5379)(462.1169 282.7809 129.5875)
(206.059 23.62265 119.6811)(460.0947 33.78564 129.2423)(206.059 292.8611 119.6811)(460.0947 283.1062 129.2423)
(202.9585 23.81672 119.8504)(457.7651 33.40342 128.8551)(202.9585 292.6748 119.8504)(457.7651 283.473 128.8551)
(199.7669 24.02502 120.0327)(455.3246 33.01214 128.4612)(199.7669 292.4749 120.0327)(455.3246 283.8486 128.4612)
(196.7677 24.22875 120.2115)(452.991 32.6465 128.0952)(196.7677 292.2793 120.2115)(452.991 284.1996 128.0952)
(193.6584 24.44819 120.4047)(450.5298 32.26962 127.7202)(193.6584 292.0686 120.4047)(450.5298 284.5613 127.7202)
(190.5669 24.67483 120.6048)(448.0394 31.89721 127.3518)(190.5669 291.8511 120.6048)(448.0394 284.9188 127.3518)
(188.2748 24.84835 120.7585)(446.1645 31.62261 127.0815)(188.2748 291.6846 120.7585)(446.1645 285.1823 127.0815)
(185.8689 25.03559 120.9248)(444.1698 31.33583 126.8004)(185.8689 291.5049 120.9248)(444.1698 285.4576 126.8004)
(183.7148 25.20771 121.0781)(442.3604 31.08037 126.5511)(183.7148 291.3396 121.0781)(442.3604 285.7028 126.5511)
(181.397 25.39768 121.2477)(440.3881 30.8069 126.2853)(181.397 291.1573 121.2477)(440.3881 285.9653 126.2853)
(179.3652 25.56834 121.4005)(438.6373 30.56841 126.0544)(179.3652 290.9935 121.4005)(438.6373 286.1942 126.0544)
(176.9228 25.77859 121.5893)(436.5051 30.28329 125.7794)(176.9228 290.7917 121.5893)(436.5051 286.4679 125.7794)
(167.4194 26.65154 122.3793)(427.9105 29.19137 124.7374)(167.4194 289.9538 122.3793)(427.9105 287.516 124.7374)
(159.6891 27.42834 123.091)(420.5496 28.32565 123.9235)(159.6891 289.2082 123.091)(420.5496 288.3469 123.9235)
(153.5284 28.09238 123.706)(414.4288 27.65199 123.2975)(153.5284 288.5708 123.706)(414.4288 288.9935 123.2975)
(150.346 28.45164 124.0413)(411.1739 27.31018 122.9822)(150.346 288.226 124.0413)(411.1739 289.3216 122.9822)
(147.1236 28.827 124.3936)(407.8109 26.96864 122.6688)(147.1236 287.8657 124.3936)(407.8109 289.6494 122.6688)
(143.8605 29.2193 124.7639)(404.3342 26.62775 122.3576)(143.8605 287.4891 124.7639)(404.3342 289.9766 122.3576)
(140.8582 29.59135 125.1171)(401.0701 26.31873 122.0769)(140.8582 287.132 125.1171)(401.0701 290.2732 122.0769)
(138.5791 29.88105 125.3936)(398.5493 26.08732 121.8675)(138.5791 286.8539 125.3936)(398.5493 290.4953 121.8675)
(135.2358 30.31764 125.8125)(394.7823 25.75286 121.5661)(135.2358 286.4349 125.8125)(394.7823 290.8164 121.5661)
(132.8468 30.63828 126.1219)(392.0386 25.51782 121.3552)(132.8468 286.1271 126.1219)(392.0386 291.042 121.3552)
(130.5158 30.95829 126.4323)(389.3187 25.2918 121.1531)(130.5158 285.82 126.4323)(389.3187 291.2589 121.1531)
(128.342 31.26315 126.7294)(386.7432 25.08406 120.9679)(128.342 285.5273 126.7294)(386.7432 291.4583 120.9679)
(125.4571 31.67768 127.1356)(383.2649 24.81312 120.7273)(125.4571 285.1295 127.1356)(383.2649 291.7184 120.7273)
(122.8847 32.05702 127.5097)(380.1041 24.57634 120.5177)(122.8847 284.7654 127.5097)(380.1041 291.9456 120.5177)
(120.2113 32.46133 127.9107)(376.7579 24.33536 120.3052)(120.2113 284.3773 127.9107)(376.7579 292.177 120.3052)
(117.7586 32.84145 128.2901)(373.6314 24.11903 120.1151)(117.7586 284.0124 128.2901)(373.6314 292.3846 120.1151)
(108.9994 34.27476 129.7411)(361.9971 23.38739 119.4765)(108.9994 282.6367 129.7411)(361.9971 293.0869 119.4765)
(104.2723 35.10073 130.5923)(355.3921 23.02221 119.1603)(104.2723 281.8438 130.5923)(355.3921 293.4374 119.1603)
(96.59892 36.5271 132.0887)(344.1343 22.4809 118.6946)(96.59892 280.4748 132.0887)(344.1343 293.957 118.6946)
(94.20095 36.99614 132.5884)(340.4698 22.32637 118.5623)(94.20095 280.0246 132.5884)(340.4698 294.1053 118.5623)
(91.89723 37.45783 133.0839)(336.8795 22.18507 118.4417)(91.89723 279.5814 133.0839)(336.8795 294.2409 118.4417)
(89.68404 37.91195 133.5749)(333.3633 22.05635 118.3319)(89.68404 279.1455 133.5749)(333.3633 294.3645 118.3319)
(87.77196 38.31297 134.0115)(330.2709 21.951 118.2423)(87.77196 278.7606 134.0115)(330.2709 294.4656 118.2423)
(86.17563 38.65416 134.3852)(327.649 21.86743 118.1713)(86.17563 278.4331 134.3852)(327.649 294.5458 118.1713)
(84.73292 38.96759 134.7304)(325.247 21.79542 118.1101)(84.73292 278.1323 134.7304)(325.247 294.6149 118.1101)
(82.70575 39.41648 135.2278)(321.8187 21.7002 118.0294)(82.70575 277.7014 135.2278)(321.8187 294.7063 118.0294)
(80.87133 39.83151 135.691)(318.6608 21.6203 117.9617)(80.87133 277.303 135.691)(318.6608 294.783 117.9617)
(79.36007 40.17989 136.0822)(316.0183 21.55919 117.91)(79.36007 276.9687 136.0822)(316.0183 294.8416 117.91)
(77.94566 40.51146 136.4567)(313.5104 21.50601 117.8651)(77.94566 276.6504 136.4567)(313.5104 294.8927 117.8651)
(76.37862 40.88519 136.8813)(310.6918 21.45185 117.8194)(76.37862 276.2917 136.8813)(310.6918 294.9447 117.8194)
(74.87659 41.24991 137.2982)(307.9492 21.4048 117.7796)(74.87659 275.9416 137.2982)(307.9492 294.9898 117.7796)
(73.76053 41.52512 137.6144)(305.8848 21.37305 117.7529)(73.76053 275.6775 137.6144)(305.8848 295.0203 117.7529)
(72.33905 41.88106 138.0257)(303.2215 21.33677 117.7223)(72.33905 275.3358 138.0257)(303.2215 295.0551 117.7223)
(70.92165 42.24215 138.4453)(300.5271 21.30536 117.6958)(70.92165 274.9892 138.4453)(300.5271 295.0853 117.6958)
(69.59731 42.58532 138.8466)(297.9734 21.28053 117.6749)(69.59731 274.6598 138.8466)(297.9734 295.1091 117.6749)
(68.34729 42.91447 139.2336)(295.5301 21.26127 117.6587)(68.34729 274.3439 139.2336)(295.5301 295.1276 117.6587)
(67.06148 43.25855 139.6405)(292.9825 21.24582 117.6457)(67.06148 274.0136 139.6405)(292.9825 295.1424 117.6457)
(65.918 43.56939 140.0101)(290.6867 21.23601 117.6374)(65.918 273.7153 140.0101)(290.6867 295.1519 117.6374)
(64.42636 43.98199 140.5038)(287.6476 21.22898 117.6315)(64.42636 273.3192 140.5038)(287.6476 295.1586 117.6315)
(63.1438 44.3433 140.9389)(284.9935 21.22834 117.6309)(63.1438 272.9724 140.9389)(284.9935 295.1592 117.6309)
(61.80988 44.72587 141.4026)(282.1912 21.23327 117.6351)(61.80988 272.6052 141.4026)(282.1912 295.1545 117.6351)
(60.67459 45.05707 141.8066)(279.7715 21.24218 117.6426)(60.67459 272.2873 141.8066)(279.7715 295.1459 117.6426)
(59.6031 45.37453 142.1959)(277.4576 21.25469 117.6531)(59.6031 271.9826 142.1959)(277.4576 295.1339 117.6531)
(58.52427 45.69915 142.5963)(275.0971 21.27155 117.6673)(58.52427 271.671 142.5963)(275.0971 295.1177 117.6673)
(57.17465 46.1125 143.1093)(272.0996 21.29882 117.6903)(57.17465 271.2743 143.1093)(272.0996 295.0916 117.6903)
(56.15829 46.42925 143.505)(269.8087 21.32413 117.7116)(56.15829 270.9702 143.505)(269.8087 295.0673 117.7116)
(55.13355 46.75365 143.9124)(267.4681 21.35399 117.7368)(55.13355 270.6589 143.9124)(267.4681 295.0386 117.7368)
(54.2167 47.04824 144.2845)(265.3473 21.38452 117.7625)(54.2167 270.3761 144.2845)(265.3473 295.0093 117.7625)
(53.10843 47.41002 144.744)(262.749 21.42648 117.7979)(53.10843 270.0288 144.744)(262.749 294.9691 117.7979)
(51.87132 47.82147 145.2702)(259.8023 21.48006 117.8432)(51.87132 269.6339 145.2702)(259.8023 294.9176 117.8432)
(50.94855 48.13384 145.6723)(257.5713 21.52493 117.8811)(50.94855 269.3341 145.6723)(257.5713 294.8745 117.8811)
(49.95904 48.47424 146.113)(255.146 21.57796 117.9259)(49.95904 269.0074 146.113)(255.146 294.8236 117.9259)
(48.94442 48.82927 146.5754)(252.6231 21.63778 117.9765)(48.94442 268.6666 146.5754)(252.6231 294.7662 117.9765)
(47.94996 49.18335 147.0396)(250.1135 21.70197 118.0309)(47.94996 268.3268 147.0396)(250.1135 294.7046 118.0309)
(46.95559 49.54377 147.515)(247.566 21.77203 118.0903)(46.95559 267.9808 147.515)(247.566 294.6374 118.0903)
(46.13853 49.84478 147.9145)(245.4436 21.83411 118.143)(46.13853 267.6919 147.9145)(245.4436 294.5778 118.143)
(45.25022 50.17735 148.3584)(243.1047 21.90649 118.2045)(45.25022 267.3727 148.3584)(243.1047 294.5083 118.2045)
(44.35543 50.51802 148.8159)(240.7148 21.98475 118.271)(44.35543 267.0457 148.8159)(240.7148 294.4332 118.271)
(43.55956 50.82609 149.232)(238.5593 22.05908 118.3343)(43.55956 266.7499 149.232)(238.5593 294.3618 118.3343)
(42.62397 51.19459 149.7328)(235.9878 22.15245 118.4138)(42.62397 266.3962 149.7328)(235.9878 294.2722 118.4138)
(41.78408 51.53136 150.1934)(233.6443 22.24198 118.4902)(41.78408 266.073 150.1934)(233.6443 294.1863 118.4902)
(40.78595 51.93934 150.7553)(230.8136 22.35576 118.5875)(40.78595 265.6814 150.7553)(230.8136 294.0771 118.5875)
(40.04818 52.2466 151.1812)(228.6879 22.44532 118.6641)(40.04818 265.3865 151.1812)(228.6879 293.9911 118.6641)
(39.257 52.58174 151.6485)(226.3756 22.54677 118.7511)(39.257 265.0648 151.6485)(226.3756 293.8937 118.7511)
(38.25755 53.01373 152.2552)(223.4044 22.68333 118.8683)(38.25755 264.6501 152.2552)(223.4044 293.7627 118.8683)
(37.45873 53.36637 152.754)(220.9871 22.7996 118.9683)(37.45873 264.3117 152.754)(220.9871 293.651 118.9683)
(36.7915 53.66618 153.1807)(218.9377 22.90186 119.0564)(36.7915 264.0239 153.1807)(218.9377 293.5529 119.0564)
(35.97957 54.03777 153.7129)(216.405 23.03291 119.1695)(35.97957 263.6672 153.7129)(216.405 293.4271 119.1695)
(35.22197 54.39139 154.2227)(214.0021 23.16204 119.2812)(35.22197 263.3278 154.2227)(214.0021 293.3032 119.2812)
(34.34174 54.81119 154.8324)(211.1594 23.32086 119.4188)(34.34174 262.9249 154.8324)(211.1594 293.1507 119.4188)
(33.45964 55.24213 155.4633)(208.2525 23.4902 119.5658)(33.45964 262.5112 155.4633)(208.2525 292.9882 119.5658)
(32.74461 55.5994 155.9903)(205.8511 23.63537 119.6922)(32.74461 262.1683 155.9903)(205.8511 292.8488 119.6922)
(32.06602 55.94545 156.5041)(203.5328 23.78015 119.8185)(32.06602 261.8362 156.5041)(203.5328 292.7099 119.8185)
(30.96257 56.52359 157.3702)(199.6763 24.03103 120.0379)(30.96257 261.2812 157.3702)(199.6763 292.4691 120.0379)
(30.29986 56.88073 157.91)(197.305 24.19168 120.1789)(30.29986 260.9384 157.91)(197.305 292.3149 120.1789)
(29.62519 57.25231 158.4755)(194.8461 24.36335 120.3299)(29.62519 260.5818 158.4755)(194.8461 292.1501 120.3299)
(28.95032 57.63278 159.0588)(192.3381 24.54393 120.4891)(28.95032 260.2166 159.0588)(192.3381 291.9767 120.4891)
(28.26166 58.03054 159.6733)(189.7262 24.73789 120.6606)(28.26166 259.8348 159.6733)(189.7262 291.7906 120.6606)
(27.70226 58.36119 160.1877)(187.5632 24.90316 120.8072)(27.70226 259.5174 160.1877)(187.5632 291.632 120.8072)
(27.12451 58.71032 160.7344)(185.2873 25.08162 120.9658)(27.12451 259.1823 160.7344)(185.2873 291.4607 120.9658)
(26.40689 59.15541 161.4369)(182.3982 25.31501 121.1739)(26.40689 258.7551 161.4369)(182.3982 291.2366 121.1739)
(25.56349 59.69611 162.2985)(178.9071 25.60734 121.4355)(25.56349 258.2361 162.2985)(178.9071 290.9561 121.4355)
(24.86199 60.16166 163.0478)(175.9178 25.86676 121.6686)(24.86199 257.7892 163.0478)(175.9178 290.707 121.6686)
(24.31593 60.5349 163.6536)(173.5325 26.07991 121.8608)(24.31593 257.431 163.6536)(173.5325 290.5025 121.8608)
(23.74455 60.93649 164.3104)(170.9776 26.31434 122.0729)(23.74455 257.0455 164.3104)(170.9776 290.2774 122.0729)
(23.01252 61.46898 165.1894)(167.6081 26.63331 122.3627)(23.01252 256.5344 165.1894)(167.6081 289.9713 122.3627)
(22.51388 61.84447 165.815)(165.2452 26.86382 122.573)(22.51388 256.174 165.815)(165.2452 289.75 122.573)
(22.0084 62.23663 166.4734)(162.7889 27.10944 122.7979)(22.0084 255.7976 166.4734)(162.7889 289.5143 122.7979)
(21.47824 62.66155 167.1927)(160.141 27.38124 123.0476)(21.47824 255.3897 167.1927)(160.141 289.2534 123.0476)
(20.93243 63.11501 167.9672)(157.3308 27.6777 123.3213)(20.93243 254.9545 167.9672)(157.3308 288.9688 123.3213)
(20.55704 63.43733 168.5221)(155.3434 27.8925 123.5203)(20.55704 254.6451 168.5221)(155.3434 288.7626 123.5203)
(20.14606 63.80079 169.1523)(153.1123 28.13868 123.7491)(20.14606 254.2962 169.1523)(153.1123 288.5264 123.7491)
(19.67047 64.23673 169.9144)(150.4508 28.43959 124.0301)(19.67047 253.8778 169.9144)(150.4508 288.2375 124.0301)
(19.18997 64.69569 170.7242)(147.666 28.76301 124.3334)(19.18997 253.4373 170.7242)(147.666 287.9271 124.3334)
(18.73418 65.1505 171.5342)(144.9241 29.09009 124.6417)(18.73418 253.0007 171.5342)(144.9241 287.6131 124.6417)
(18.36658 65.53291 172.2213)(142.6324 29.37019 124.9069)(18.36658 252.6337 172.2213)(142.6324 287.3443 124.9069)
(17.98071 65.95119 172.9792)(140.1403 29.6819 125.2034)(17.98071 252.2322 172.9792)(140.1403 287.0451 125.2034)
(17.51517 66.48219 173.951)(136.999 30.08564 125.5895)(17.51517 251.7225 173.951)(136.999 286.6576 125.5895)
(17.16302 66.9062 174.7349)(134.509 30.4144 125.9057)(17.16302 251.3155 174.7349)(134.509 286.342 125.9057)
(16.80314 67.36275 175.5869)(131.8466 30.77473 126.2541)(16.80314 250.8773 175.5869)(131.8466 285.9962 126.2541)
(16.42455 67.8727 176.5484)(128.8954 31.18493 126.653)(16.42455 250.3878 176.5484)(128.8954 285.6024 126.653)
(16.12079 68.30823 177.3779)(126.3947 31.54169 127.0021)(16.12079 249.9698 177.3779)(126.3947 285.26 127.0021)
(15.87597 68.6795 178.0912)(124.2772 31.85048 127.3057)(15.87597 249.6134 178.0912)(124.2772 284.9636 127.3057)
(15.64816 69.04446 178.7981)(122.2089 32.15823 127.6098)(15.64816 249.2631 178.7981)(122.2089 284.6682 127.6098)
(15.42575 69.42174 179.5346)(120.0847 32.4807 127.93)(15.42575 248.901 179.5346)(120.0847 284.3587 127.93)
(15.18837 69.85207 180.3823)(117.6792 32.85387 128.3025)(15.18837 248.4879 180.3823)(117.6792 284.0005 128.3025)
(14.92527 70.37111 181.4153)(114.8028 33.31161 128.7625)(14.92527 247.9897 181.4153)(114.8028 283.5611 128.7625)
(14.7398 70.77078 182.2189)(112.607 33.66969 129.1246)(14.7398 247.6061 182.2189)(112.607 283.2174 129.1246)
(14.55322 71.20964 183.1095)(110.2149 34.06849 129.5303)(14.55322 247.1849 183.1095)(110.2149 282.8347 129.5303)
(14.40781 71.58521 183.8786)(108.1843 34.41444 129.8843)(14.40781 246.8244 183.8786)(108.1843 282.5026 129.8843)
(14.26576 71.99036 184.7156)(106.0108 34.79248 130.2733)(14.26576 246.4355 184.7156)(106.0108 282.1397 130.2733)
(14.15316 72.34704 185.4588)(104.112 35.12937 130.622)(14.15316 246.0932 185.4588)(104.112 281.8164 130.622)
(14.04309 72.7389 186.2822)(102.0423 35.50395 131.0119)(14.04309 245.717 186.2822)(102.0423 281.4568 131.0119)
(13.88043 73.44628 187.7872)(98.34972 36.19183 131.7339)(13.88043 245.0381 187.7872)(98.34972 280.7966 131.7339)
(13.78912 73.97439 188.9268)(95.63032 36.71513 132.2886)(13.78912 244.5311 188.9268)(95.63032 280.2943 132.2886)
(13.72317 74.50638 190.0888)(92.92377 37.25067 132.8611)(13.72317 244.0205 190.0888)(92.92377 279.7802 132.8611)
(13.68879 74.94028 191.0472)(90.7412 37.69367 133.3384)(13.68879 243.604 191.0472)(90.7412 279.3551 133.3384)
(13.67012 75.48428 192.2625)(88.03685 38.25692 133.9503)(13.67012 243.0819 192.2625)(88.03685 278.8144 133.9503)
(13.67513 75.93019 193.2703)(85.84704 38.72507 134.4631)(13.67513 242.6539 193.2703)(85.84704 278.3651 134.4631)
(13.69695 76.35452 194.2392)(83.78613 39.17598 134.9608)(13.69695 242.2466 194.2392)(83.78613 277.9323 134.9608)
(13.73723 76.79501 195.2553)(81.67081 39.64961 135.4876)(13.73723 241.8238 195.2553)(81.67081 277.4776 135.4876)
(13.78653 77.17698 196.145)(79.85641 40.0648 135.9527)(13.78653 241.4572 196.145)(79.85641 277.0791 135.9527)
(13.85949 77.61424 197.1736)(77.80254 40.54529 136.495)(13.85949 241.0375 197.1736)(77.80254 276.6179 136.495)
(13.9383 77.99842 198.0862)(76.01871 40.97194 136.9802)(13.9383 240.6687 198.0862)(76.01871 276.2084 136.9802)
(14.03354 78.39373 199.0341)(74.20358 41.4154 137.4882)(14.03354 240.2893 199.0341)(74.20358 275.7828 137.4882)
(14.12938 78.74203 199.8769)(72.62148 41.80978 137.9431)(14.12938 239.955 199.8769)(72.62148 275.4042 137.9431)
(14.3708 79.4829 201.6935)(69.31143 42.66006 138.9342)(14.3708 239.2438 201.6935)(69.31143 274.5881 138.9342)
(14.91141 80.7696 204.9282)(63.74459 44.17326 140.7338)(14.91141 238.0088 204.9282)(63.74459 273.1356 140.7338)
(15.2557 81.44273 206.6621)(60.92656 44.98305 141.7161)(15.2557 237.3627 206.6621)(60.92656 272.3584 141.7161)
(15.62017 82.07875 208.3275)(58.32516 45.75962 142.6711)(15.62017 236.7522 208.3275)(58.32516 271.613 142.6711)
(15.90098 82.52876 209.5223)(56.52086 46.31566 143.3628)(15.90098 236.3203 209.5223)(56.52086 271.0793 143.3628)
(16.38041 83.23508 211.4253)(53.75115 47.19935 144.4761)(16.38041 235.6423 211.4253)(53.75115 270.231 144.4761)
(16.80612 83.81066 213.0018)(51.55105 47.92933 145.4088)(16.80612 235.0898 213.0018)(51.55105 269.5304 145.4088)
(17.20998 84.32097 214.4194)(49.64403 48.58379 146.2553)(17.20998 234.6 214.4194)(49.64403 268.9022 146.2553)
(17.70131 84.90321 216.06)(47.51891 49.33878 147.2442)(17.70131 234.0412 216.06)(47.51891 268.1776 147.2442)
(18.07638 85.32366 217.2604)(46.01841 49.88945 147.974)(18.07638 233.6376 217.2604)(46.01841 267.649 147.974)
(18.41261 85.68525 218.3035)(44.75117 50.36665 148.6122)(18.41261 233.2905 218.3035)(44.75117 267.1909 148.6122)
(18.75005 86.03514 219.3224)(43.54543 50.83158 149.2394)(18.75005 232.9547 219.3224)(43.54543 266.7447 149.2394)
(19.14643 86.43121 220.4873)(42.20533 51.36164 149.9609)(19.14643 232.5745 220.4873)(42.20533 266.2359 149.9609)
(19.51594 86.78726 221.5451)(41.02332 51.84147 150.6201)(19.51594 232.2328 221.5451)(41.02332 265.7753 150.6201)
(19.98802 87.22569 222.8617)(39.5976 52.43672 151.446)(19.98802 231.812 222.8617)(39.5976 265.204 151.446)
(20.34294 87.54418 223.828)(38.58272 52.8721 152.0558)(20.34294 231.5062 223.828)(38.58272 264.7861 152.0558)
(20.82531 87.96335 225.1126)(37.27388 53.44891 152.8713)(20.82531 231.1039 225.1126)(37.27388 264.2325 152.8713)
(21.30581 88.36649 226.3621)(36.04436 54.00772 153.6697)(21.30581 230.7169 226.3621)(36.04436 263.6961 153.6697)
(21.69593 88.68415 227.3564)(35.09608 54.4508 154.3087)(21.69593 230.412 227.3564)(35.09608 263.2708 154.3087)
(22.10208 89.00642 228.3741)(34.15233 54.9028 154.9661)(22.10208 230.1027 228.3741)(34.15233 262.8369 154.9661)
(22.56127 89.36111 229.5048)(33.13549 55.40314 155.7004)(22.56127 229.7623 229.5048)(33.13549 262.3567 155.7004)
(22.94167 89.6477 230.4266)(32.33081 55.80959 156.302)(22.94167 229.4872 230.4266)(32.33081 261.9666 156.302)
(23.54854 90.09243 231.8719)(31.11194 56.44416 157.2506)(23.54854 229.0603 231.8719)(31.11194 261.3575 157.2506)
(24.16999 90.53312 233.3219)(29.94058 57.07748 158.2089)(24.16999 228.6373 233.3219)(29.94058 260.7496 158.2089)
(24.70275 90.90002 234.5431)(28.99328 57.6082 159.021)(24.70275 228.2852 234.5431)(28.99328 260.2402 159.021)
(25.13229 91.18901 235.514)(28.26521 58.02839 159.6699)(25.13229 228.0078 235.514)(28.26521 259.8369 159.6699)
(25.61217 91.50507 236.5851)(27.48749 58.49012 160.3891)(25.61217 227.7044 236.5851)(27.48749 259.3936 160.3891)
(26.25082 91.91539 237.9903)(26.50639 59.09291 161.3378)(26.25082 227.3105 237.9903)(26.50639 258.8151 161.3378)
(26.79036 92.25349 239.1608)(25.72267 59.59241 162.1326)(26.79036 226.986 239.1608)(25.72267 258.3356 162.1326)
(27.35572 92.59973 240.3714)(24.9437 60.10657 162.9588)(27.35572 226.6537 240.3714)(24.9437 257.8421 162.9588)
(27.79856 92.86562 241.3094)(24.36165 60.50321 163.602)(27.79856 226.3985 241.3094)(24.36165 257.4614 163.602)
(28.31462 93.16983 242.3917)(23.71313 60.95889 164.3472)(28.31462 226.1065 242.3917)(23.71313 257.024 164.3472)
(28.84008 93.47365 243.4823)(23.084 61.41599 165.1015)(28.84008 225.8149 243.4823)(23.084 256.5853 165.1015)
(29.34104 93.75801 244.5119)(22.51236 61.84559 165.8168)(29.34104 225.5419 244.5119)(22.51236 256.1729 165.8168)
(29.85563 94.04498 245.5599)(21.95234 62.28088 166.548)(29.85563 225.2665 245.5599)(21.95234 255.7551 166.548)
(30.44493 94.36755 246.7487)(21.34303 62.77226 167.3811)(30.44493 224.9569 246.7487)(21.34303 255.2835 167.3811)
(31.45852 94.9081 248.7668)(20.37081 63.60054 168.8046)(31.45852 224.438 248.7668)(20.37081 254.4884 168.8046)
(32.37185 95.38079 250.5588)(19.57131 64.32977 170.0779)(32.37185 223.9843 250.5588)(19.57131 253.7885 170.0779)
(33.02169 95.70931 251.8195)(19.04382 64.83928 170.9791)(33.02169 223.669 251.8195)(19.04382 253.2994 170.9791)
(33.68205 96.03695 253.0895)(18.54095 65.34955 171.8912)(33.68205 223.3545 253.0895)(18.54095 252.8097 171.8912)
(34.31859 96.34706 254.3035)(18.08653 65.83452 172.7672)(34.31859 223.0568 254.3035)(18.08653 252.3442 172.7672)
(34.98954 96.66817 255.5729)(17.63827 66.33866 173.6873)(34.98954 222.7486 255.5729)(17.63827 251.8603 173.6873)
(35.78033 97.03938 257.0562)(17.14858 66.92398 174.7679)(35.78033 222.3923 257.0562)(17.14858 251.2984 174.7679)
(36.40126 97.32562 258.2117)(16.79199 67.37713 175.6138)(36.40126 222.1176 258.2117)(16.79199 250.8635 175.6138)
(37.01809 97.60557 259.3519)(16.46125 67.82183 176.452)(37.01809 221.8489 259.3519)(16.46125 250.4367 176.452)
(37.63154 97.87988 260.4791)(16.15411 68.25901 177.2838)(37.63154 221.5856 260.4791)(16.15411 250.017 177.2838)
(38.20622 98.13319 261.5287)(15.88595 68.664 178.0613)(38.20622 221.3424 261.5287)(15.88595 249.6283 178.0613)
(38.76729 98.37721 262.5478)(15.6417 69.05525 178.819)(38.76729 221.1082 262.5478)(15.6417 249.2528 178.819)
(39.2162 98.57023 263.3595)(15.458 69.36549 179.4244)(39.2162 220.9229 263.3595)(15.458 248.955 179.4244)
(39.78932 98.81383 264.3911)(15.23868 69.75797 180.1963)(39.78932 220.6891 264.3911)(15.23868 248.5783 180.1963)
(40.44772 99.08982 265.5698)(15.00713 70.20401 181.0815)(40.44772 220.4242 265.5698)(15.00713 248.1501 181.0815)
(41.04754 99.33784 266.638)(14.81431 70.60598 181.8867)(41.04754 220.1861 266.638)(14.81431 247.7643 181.8867)
(41.61403 99.56917 267.642)(14.64774 70.9819 182.6463)(41.61403 219.9641 267.642)(14.64774 247.4035 182.6463)
(42.12073 99.77377 268.5364)(14.51101 71.31516 183.325)(42.12073 219.7677 268.5364)(14.51101 247.0836 183.325)
(42.68162 99.99778 269.5226)(14.37288 71.6809 184.0756)(42.68162 219.5527 269.5226)(14.37288 246.7325 184.0756)
(43.22431 100.2121 270.4727)(14.25214 72.03156 184.8012)(43.22431 219.347 270.4727)(14.25214 246.396 184.8012)
(43.91959 100.4833 271.6846)(14.1153 72.47643 185.7299)(43.91959 219.0867 271.6846)(14.1153 245.9689 185.7299)
(44.65298 100.7653 272.9568)(13.99205 72.9405 186.7086)(44.65298 218.816 272.9568)(13.99205 245.5235 186.7086)
(45.44982 101.0673 274.3321)(13.88189 73.4388 187.7712)(45.44982 218.5262 274.3321)(13.88189 245.0452 187.7712)
(46.01587 101.279 275.3047)(13.81822 73.78913 188.5255)(46.01587 218.3229 275.3047)(13.81822 244.709 188.5255)
(46.63036 101.5064 276.3568)(13.76243 74.16608 189.3439)(46.63036 218.1047 276.3568)(13.76243 244.3472 189.3439)
(47.25158 101.7336 277.4165)(13.71954 74.54375 190.171)(47.25158 217.8866 277.4165)(13.71954 243.9846 190.171)
(48.11088 102.0438 278.876)(13.68229 75.06054 191.3146)(48.11088 217.5889 278.876)(13.68229 243.4886 191.3146)
(48.93884 102.3382 280.2755)(13.66969 75.55247 192.416)(48.93884 217.3063 280.2755)(13.66969 243.0164 192.416)
(49.71116 102.609 281.5756)(13.67784 76.00624 193.4433)(49.71116 217.0463 281.5756)(13.67784 242.5809 193.4433)
(50.55067 102.8994 282.9828)(13.70771 76.494 194.5598)(50.55067 216.7676 282.9828)(13.70771 242.1127 194.5598)
(51.32353 103.1631 284.2729)(13.75411 76.93807 195.5876)(51.32353 216.5145 284.2729)(13.75411 241.6865 195.5876)
(52.39094 103.5218 286.047)(13.84662 77.54389 197.0074)(52.39094 216.1702 286.047)(13.84662 241.105 197.0074)
(53.11382 103.7612 287.2435)(13.92748 77.9493 197.9691)(53.11382 215.9404 287.2435)(13.92748 240.7159 197.9691)
(54.36306 104.1685 289.3021)(14.10044 78.64093 199.6316)(54.36306 215.5495 289.3021)(14.10044 240.052 199.6316)
(55.11385 104.4095 290.5341)(14.22403 79.05128 200.6312)(55.11385 215.3181 290.5341)(14.22403 239.6581 200.6312)
(55.89657 104.6578 291.8145)(14.36802 79.47497 201.6739)(55.89657 215.0798 291.8145)(14.36802 239.2515 201.6739)
(57.10179 105.0344 293.778)(14.61885 80.11921 203.2803)(57.10179 214.7184 293.778)(14.61885 238.6331 203.2803)
(58.31185 105.4057 295.7405)(14.9051 80.75649 204.8947)(58.31185 214.3619 295.7405)(14.9051 238.0214 204.8947)
(59.55338 105.78 297.745)(15.23295 81.40063 206.5528)(59.55338 214.0027 297.745)(15.23295 237.4031 206.5528)
(60.40596 106.0332 299.1165)(15.47737 81.83747 207.6926)(60.40596 213.7596 299.1165)(15.47737 236.9838 207.6926)
(62.61506 106.6753 302.6518)(16.18065 82.94906 210.6505)(62.61506 213.1433 302.6518)(16.18065 235.9169 210.6505)
(64.54746 107.2213 305.7243)(16.87383 83.89842 213.2443)(64.54746 212.6193 305.7243)(16.87383 235.0056 213.2443)
(65.5452 107.4977 307.3038)(17.2587 84.3805 214.586)(65.5452 212.354 307.3038)(17.2587 234.5429 214.586)
(66.42656 107.7388 308.6953)(17.61338 84.80187 215.7726)(66.42656 212.1225 308.6953)(17.61338 234.1384 215.7726)
(67.36044 107.9914 310.1659)(18.00381 85.24386 217.0315)(67.36044 211.8801 310.1659)(18.00381 233.7142 217.0315)
(68.09999 108.1892 311.3279)(18.32335 85.59067 218.0296)(68.09999 211.6902 311.3279)(18.32335 233.3813 218.0296)
(68.84769 108.3874 312.5004)(18.65558 85.93846 219.0399)(68.84769 211.5 312.5004)(18.65558 233.0475 219.0399)
(69.53108 108.5668 313.5699)(18.96706 86.25387 219.9641)(69.53108 211.3278 313.5699)(18.96706 232.7448 219.9641)
(70.19295 108.7391 314.6039)(19.2757 86.55708 220.8601)(70.19295 211.1624 314.6039)(19.2757 232.4537 220.8601)
(70.90499 108.923 315.7145)(19.61524 86.88094 221.8251)(70.90499 210.9859 315.7145)(19.61524 232.1429 221.8251)
(71.50597 109.0769 316.6504)(19.90773 87.15236 222.6404)(71.50597 210.8382 316.6504)(19.90773 231.8823 222.6404)
(72.12199 109.2335 317.6082)(20.21305 87.42876 223.4769)(72.12199 210.6879 317.6082)(20.21305 231.617 223.4769)
(72.71354 109.3827 318.5265)(20.51161 87.69248 224.2808)(72.71354 210.5446 318.5265)(20.51161 231.3639 224.2808)
(73.3539 109.5431 319.5193)(20.84031 87.97614 225.152)(73.3539 210.3907 319.5193)(20.84031 231.0916 225.152)
(73.923 109.6846 320.4003)(21.13724 88.22665 225.927)(73.923 210.2549 320.4003)(21.13724 230.8512 225.927)
(74.71307 109.8794 321.6215)(21.55695 88.57193 227.0041)(74.71307 210.0679 321.6215)(21.55695 230.5198 227.0041)
(75.5647 110.0874 322.9352)(22.01875 88.94095 228.1666)(75.5647 209.8683 322.9352)(22.01875 230.1656 228.1666)
(76.34736 110.2767 324.1404)(22.45149 89.27724 229.2364)(76.34736 209.6865 324.1404)(22.45149 229.8428 229.2364)
(77.09566 110.4561 325.2908)(22.87272 89.59626 230.2606)(77.09566 209.5144 325.2908)(22.87272 229.5366 230.2606)
(78.15833 110.7082 326.9212)(23.483 90.0451 231.7172)(78.15833 209.2724 326.9212)(23.483 229.1057 231.7172)
(79.17703 110.9469 328.4807)(24.081 90.47089 233.1161)(79.17703 209.0432 328.4807)(24.081 228.6971 233.1161)
(79.98315 111.1339 329.7122)(24.56311 90.8047 234.2246)(79.98315 208.8638 329.7122)(24.56311 228.3766 234.2246)
(80.80817 111.3235 330.9706)(25.06418 91.14356 235.3608)(80.80817 208.6818 330.9706)(25.06418 228.0514 235.3608)
(81.54707 111.4918 332.0958)(25.51968 91.44467 236.3798)(81.54707 208.5202 332.0958)(25.51968 227.7624 236.3798)
(82.33501 111.6697 333.2939)(26.01204 91.76337 237.4678)(82.33501 208.3494 333.2939)(26.01204 227.4565 237.4678)
(83.37499 111.9022 334.8721)(26.67234 92.18019 238.9061)(83.37499 208.1263 334.8721)(26.67234 227.0564 238.9061)
(86.11974 112.5032 339.0219)(28.4696 93.26006 242.7145)(86.11974 207.5494 339.0219)(28.4696 226.0199 242.7145)
(86.91588 112.6742 340.2214)(29.00516 93.5679 243.8226)(86.91588 207.3853 340.2214)(29.00516 225.7244 243.8226)
(88.20466 112.9479 342.1594)(29.88506 94.06125 245.6196)(88.20466 207.1226 342.1594)(29.88506 225.2509 245.6196)
(89.1993 113.1566 343.6516)(30.57484 94.43783 247.0092)(89.1993 206.9223 343.6516)(30.57484 224.8894 247.0092)
(90.49387 113.4249 345.5897)(31.48617 94.92262 248.8215)(90.49387 206.6648 345.5897)(31.48617 224.4241 248.8215)
(91.79971 113.6918 347.5397)(32.42055 95.4056 250.6536)(91.79971 206.4086 347.5397)(32.42055 223.9605 250.6536)
(92.93513 113.921 349.2314)(33.24487 95.82074 252.25)(92.93513 206.1886 349.2314)(33.24487 223.562 252.25)
(94.0625 114.1459 350.9075)(34.07398 96.22853 253.8382)(94.0625 205.9727 350.9075)(34.07398 223.1706 253.8382)
(94.95789 114.3226 352.2362)(34.73985 96.54935 255.1017)(94.95789 205.8031 352.2362)(34.73985 222.8627 255.1017)
(95.70354 114.4685 353.3409)(35.29933 96.81446 256.1554)(95.70354 205.663 353.3409)(35.29933 222.6082 256.1554)
(96.49049 114.6214 354.5052)(35.89434 97.09228 257.269)(96.49049 205.5163 354.5052)(35.89434 222.3415 257.269)
(97.19129 114.7564 355.5405)(36.42825 97.33797 258.2618)(97.19129 205.3867 355.5405)(36.42825 222.1057 258.2618)
(97.89245 114.8906 356.575)(36.96613 97.58218 259.2563)(97.89245 205.2579 356.575)(36.96613 221.8713 259.2563)
(98.43745 114.9942 357.3782)(37.38669 97.77091 260.0302)(98.43745 205.1585 357.3782)(37.38669 221.6902 260.0302)
(99.22141 115.1422 358.532)(37.99554 98.04073 261.1445)(99.22141 205.0164 358.532)(37.99554 221.4312 261.1445)
(99.92093 115.2734 359.5601)(38.54251 98.27982 262.1401)(99.92093 204.8905 359.5601)(38.54251 221.2017 262.1401)
(100.6493 115.4089 360.6292)(39.11561 98.52718 263.178)(100.6493 204.7604 360.6292)(39.11561 220.9643 263.178)
(101.4013 115.5478 361.7312)(39.71111 98.78075 264.2506)(101.4013 204.6271 361.7312)(39.71111 220.7209 264.2506)
(102.2552 115.7043 362.981)(40.39207 99.06667 265.4705)(102.2552 204.4769 362.981)(40.39207 220.4464 265.4705)
(103.0224 115.8438 364.1018)(41.00801 99.3216 266.5677)(103.0224 204.343 364.1018)(41.00801 220.2018 266.5677)
(103.6525 115.9575 365.0213)(41.51682 99.52967 267.47)(103.6525 204.2339 365.0213)(41.51682 220.002 267.47)
(104.1889 116.0537 365.8029)(41.95177 99.70583 268.2387)(104.1889 204.1414 365.8029)(41.95177 219.8329 268.2387)
(104.8196 116.1663 366.7212)(42.46576 99.91187 269.1435)(104.8196 204.0334 366.7212)(42.46576 219.6352 269.1435)
(105.4454 116.2772 367.631)(42.9781 100.1152 270.0421)(105.4454 203.9269 367.631)(42.9781 219.44 270.0421)
(106.0568 116.385 368.519)(43.48102 100.3127 270.9209)(106.0568 203.8235 368.519)(43.48102 219.2505 270.9209)
(106.8064 116.5162 369.6061)(44.10073 100.5533 271.9995)(106.8064 203.6976 369.6061)(44.10073 219.0195 271.9995)
(107.3513 116.611 370.3953)(44.55326 100.7272 272.7843)(107.3513 203.6066 370.3953)(44.55326 218.8526 272.7843)
(108.0012 116.7234 371.3356)(45.09529 100.9335 273.7212)(108.0012 203.4987 371.3356)(45.09529 218.6546 273.7212)
(108.8276 116.8653 372.5291)(45.788 101.1941 274.9137)(108.8276 203.3625 372.5291)(45.788 218.4045 274.9137)
(109.6254 117.0012 373.6796)(46.46043 101.4438 276.0664)(109.6254 203.2321 373.6796)(46.46043 218.1648 276.0664)
(110.3335 117.1209 374.6992)(47.06031 101.664 277.0908)(110.3335 203.1172 374.6992)(47.06031 217.9534 277.0908)
(111.027 117.2373 375.6962)(47.65039 101.8782 278.0948)(111.027 203.0054 375.6962)(47.65039 217.7478 278.0948)
(112.04 117.406 377.1502)(48.51711 102.1888 279.5635)(112.04 202.8435 377.1502)(48.51711 217.4497 279.5635)
(113.2437 117.6044 378.8738)(49.55387 102.5542 281.3113)(113.2437 202.6531 378.8738)(49.55387 217.099 281.3113)
(114.3522 117.7849 380.457)(50.51516 102.8872 282.9234)(114.3522 202.4798 380.457)(50.51516 216.7793 282.9234)
(115.2672 117.9326 381.7611)(51.31332 103.1596 284.256)(115.2672 202.3381 381.7611)(51.31332 216.5178 284.256)
(116.0647 118.0602 382.8954)(52.01229 103.3953 285.4187)(116.0647 202.2156 382.8954)(52.01229 216.2917 285.4187)
(117.2034 118.2407 384.5119)(53.01552 103.7288 287.0811)(117.2034 202.0424 384.5119)(53.01552 215.9715 287.0811)
(118.1645 118.3915 385.8729)(53.86702 104.0077 288.486)(118.1645 201.8976 385.8729)(53.86702 215.7038 288.486)
(118.817 118.4931 386.7952)(54.44751 104.1958 289.4409)(118.817 201.8001 386.7952)(54.44751 215.5233 289.4409)
(119.7091 118.631 388.0539)(55.24413 104.451 290.7475)(119.7091 201.6677 388.0539)(55.24413 215.2783 290.7475)
(120.593 118.7664 389.2986)(56.03692 104.702 292.0436)(120.593 201.5377 389.2986)(56.03692 215.0374 292.0436)
(121.6923 118.9333 390.843)(57.02765 105.0114 293.6575)(121.6923 201.3775 390.843)(57.02765 214.7404 293.6575)
(122.6861 119.0827 392.2357)(57.92759 105.2885 295.1183)(122.6861 201.2342 392.2357)(57.92759 214.4744 295.1183)
(123.4311 119.1937 393.2774)(58.60482 105.4947 296.2143)(123.4311 201.1276 393.2774)(58.60482 214.2766 296.2143)
(124.3468 119.3291 394.5553)(59.44032 105.7462 297.5628)(124.3468 200.9976 394.5553)(59.44032 214.0351 297.5628)
(125.4804 119.4951 396.1333)(60.47921 106.0548 299.2341)(125.4804 200.8383 396.1333)(60.47921 213.7389 299.2341)
(126.2566 119.6077 397.2111)(61.19343 106.2644 300.3796)(126.2566 200.7302 397.2111)(61.19343 213.5378 300.3796)
(127.3727 119.7682 398.7572)(62.22427 106.5631 302.0283)(127.3727 200.5761 398.7572)(62.22427 213.251 302.0283)
(128.202 119.8864 399.9033)(62.99319 106.7833 303.2546)(128.202 200.4627 399.9033)(62.99319 213.0397 303.2546)
(129.0924 120.0122 401.1308)(63.82152 107.0178 304.5723)(129.0924 200.342 401.1308)(63.82152 212.8145 304.5723)
(130.1322 120.1578 402.5607)(64.79229 107.2894 306.1124)(130.1322 200.2022 402.5607)(64.79229 212.5538 306.1124)
(130.8785 120.2614 403.5843)(65.49125 107.4828 307.2186)(130.8785 200.1028 403.5843)(65.49125 212.3682 307.2186)
(131.7754 120.3849 404.8119)(66.33386 107.7136 308.5491)(131.7754 199.9842 404.8119)(66.33386 212.1467 308.5491)
(132.8851 120.5363 406.3264)(67.37993 107.9966 310.1967)(132.8851 199.8389 406.3264)(67.37993 211.8751 310.1967)
(133.7338 120.651 407.4815)(68.18274 108.2112 311.4577)(133.7338 199.7288 407.4815)(68.18274 211.6691 311.4577)
(134.6742 120.777 408.7581)(69.07482 108.4472 312.856)(134.6742 199.6078 408.7581)(69.07482 211.4426 312.856)
(135.5917 120.8989 410.0003)(69.94778 108.6755 314.2212)(135.5917 199.4909 410.0003)(69.94778 211.2234 314.2212)
(136.6209 121.0343 411.3896)(70.93004 108.9294 315.7535)(136.6209 199.3609 411.3896)(70.93004 210.9797 315.7535)
(137.5026 121.1493 412.5764)(71.77394 109.1451 317.0671)(137.5026 199.2505 412.5764)(71.77394 210.7726 317.0671)
(138.6518 121.2977 414.1185)(72.87722 109.4239 318.7805)(138.6518 199.1081 414.1185)(72.87722 210.5051 318.7805)
(139.7406 121.4368 415.5743)(73.92584 109.6853 320.4047)(139.7406 198.9746 415.5743)(73.92584 210.2542 320.4047)
(140.5218 121.5357 416.6159)(74.68021 109.8714 321.5707)(140.5218 198.8797 416.6159)(74.68021 210.0756 321.5707)
(141.447 121.6518 417.8459)(75.57571 110.0901 322.9523)(141.447 198.7682 417.8459)(75.57571 209.8657 322.9523)
(142.3284 121.7616 419.0144)(76.43091 110.2968 324.269)(142.3284 198.6628 419.0144)(76.43091 209.6672 324.269)
(143.1716 121.8657 420.1288)(77.25083 110.4931 325.5291)(143.1716 198.5629 420.1288)(77.25083 209.4788 325.5291)
(144.0859 121.9776 421.3339)(78.14193 110.7043 326.8962)(144.0859 198.4555 421.3339)(78.14193 209.2761 326.8962)
(145.0183 122.0907 422.5587)(79.05273 110.9179 328.2905)(145.0183 198.3469 422.5587)(79.05273 209.0711 328.2905)
(145.7787 122.1822 423.5548)(79.79708 111.0909 329.4282)(145.7787 198.2591 423.5548)(79.79708 208.9051 329.4282)
(147.0902 122.3384 425.2663)(81.08376 111.3864 331.3906)(147.0902 198.1092 425.2663)(81.08376 208.6214 331.3906)
(148.1671 122.4652 426.6658)(82.14342 111.6266 333.0027)(148.1671 197.9874 426.6658)(82.14342 208.3908 333.0027)
(149.0999 122.574 427.8734)(83.06317 111.8328 334.3993)(149.0999 197.883 427.8734)(83.06317 208.1929 334.3993)
(149.8376 122.6593 428.8255)(83.79185 111.9947 335.5039)(149.8376 197.8011 428.8255)(83.79185 208.0375 335.5039)
(150.5093 122.7365 429.6902)(84.45626 112.1412 336.5097)(150.5093 197.7271 429.6902)(84.45626 207.8969 336.5097)
(151.4541 122.8441 430.9025)(85.39253 112.3457 337.9247)(151.4541 197.6238 430.9025)(85.39253 207.7006 337.9247)
(152.1445 122.9221 431.7856)(86.07782 112.4942 338.9588)(152.1445 197.5489 431.7856)(86.07782 207.5581 338.9588)
(153.1914 123.0395 433.1203)(87.11872 112.7176 340.5269)(153.1914 197.4362 433.1203)(87.11872 207.3437 340.5269)
(154.4035 123.1738 434.6585)(88.32645 112.9736 342.3423)(154.4035 197.3073 434.6585)(88.32645 207.0979 342.3423)
(155.2397 123.2656 435.7152)(89.16125 113.1486 343.5945)(155.2397 197.2193 435.7152)(89.16125 206.9299 343.5945)
(156.2996 123.3807 437.0493)(90.22109 113.3686 345.1817)(156.2996 197.1087 437.0493)(90.22109 206.7188 345.1817)
(157.4007 123.4991 438.4291)(91.32428 113.5951 346.8303)(157.4007 196.995 438.4291)(91.32428 206.5014 346.8303)
(158.6371 123.6305 439.9706)(92.56547 113.8467 348.681)(158.6371 196.8689 439.9706)(92.56547 206.2599 348.681)
(159.4904 123.7203 441.0296)(93.42345 114.0187 349.9579)(159.4904 196.7828 441.0296)(93.42345 206.0948 349.9579)
(160.172 123.7914 441.8725)(94.10963 114.1552 350.9775)(160.172 196.7145 441.8725)(94.10963 205.9638 350.9775)
(160.9382 123.8708 442.8172)(94.88194 114.3077 352.1236)(160.9382 196.6383 442.8172)(94.88194 205.8174 352.1236)
(161.8792 123.9674 443.9726)(95.83156 114.4935 353.5305)(161.8792 196.5456 443.9726)(95.83156 205.6391 353.5305)
(162.8203 124.0631 445.1233)(96.78269 114.6778 354.9371)(162.8203 196.4537 445.1233)(96.78269 205.4622 354.9371)
(163.9602 124.1778 446.5101)(97.93642 114.899 356.6399)(163.9602 196.3436 446.5101)(97.93642 205.2499 356.6399)
(165.0174 124.283 447.7895)(99.00803 115.1021 358.2182)(165.0174 196.2426 447.7895)(99.00803 205.0549 358.2182)
(165.89 124.369 448.8405)(99.89372 115.2683 359.5201)(165.89 196.1601 448.8405)(99.89372 204.8954 359.5201)
(166.7096 124.4491 449.8235)(100.7265 115.4232 360.7424)(166.7096 196.0833 449.8235)(100.7265 204.7467 360.7424)
(167.9365 124.5676 451.2875)(101.9747 115.6531 362.5707)(167.9365 195.9694 451.2875)(101.9747 204.5261 362.5707)
(170.0025 124.7639 453.7318)(104.0809 116.0344 365.6456)(170.0025 195.7811 453.7318)(104.0809 204.16 365.6456)
(170.8457 124.8428 454.7217)(104.9419 116.188 366.8991)(170.8457 195.7054 454.7217)(104.9419 204.0126 366.8991)
(171.7355 124.9253 455.7613)(105.8513 116.3489 368.2207)(171.7355 195.6262 455.7613)(105.8513 203.8582 368.2207)
(172.5405 124.9992 456.6975)(106.6748 116.4933 369.4153)(172.5405 195.5552 456.6975)(106.6748 203.7196 369.4153)
(173.2861 125.0671 457.5609)(107.4382 116.6261 370.5211)(173.2861 195.49 457.5609)(107.4382 203.5921 370.5211)
(174.0193 125.1334 458.4065)(108.1895 116.7558 371.6076)(174.0193 195.4264 458.4065)(108.1895 203.4676 371.6076)
(174.6422 125.1893 459.122)(108.8282 116.8654 372.53)(174.6422 195.3727 459.122)(108.8282 203.3624 372.53)
